178346.14 546897.63 5.15
178346.14 546807.63 5.16
178346.14 546717.63 5.16
178346.14 546627.63 5.13
178346.14 546537.63 5.13
178346.14 546447.63 7.27
178436.14 547527.63 7.98
178436.14 547437.63 7.88
178436.14 547347.63 7.62
178436.14 547257.63 7.53
178436.14 547167.63 7.57
178436.14 547077.63 5.46
178436.14 546987.63 5.08
178436.14 546897.63 5.19
178436.14 546807.63 5.25
178436.14 546717.63 5.17
178436.14 546627.63 5.09
178436.14 546537.63 5.12
178436.14 546447.63 5.29
178436.14 546357.63 9.74
178436.14 546267.63 11.63
178526.14 548157.63 7.41
178526.14 548067.63 7.23
178526.14 547977.63 8.96
178526.14 547887.63 9.55
178526.14 547797.63 9.23
178526.14 547707.63 9.03
178526.14 547617.63 7.97
178526.14 547527.63 7.56
178526.14 547437.63 8.08
178526.14 547347.63 8.14
178526.14 547257.63 7.09
178526.14 547167.63 8.76
178526.14 547077.63 5.75
178526.14 546987.63 5.15
178526.14 546897.63 5.19
178526.14 546807.63 5.29
178526.14 546717.63 5.18
178526.14 546627.63 5.00
178526.14 546537.63 5.15
178526.14 546447.63 4.87
178526.14 546357.63 9.51
178526.14 546267.63 10.88
178526.14 546177.63 11.32
178616.14 548787.63 7.79
178616.14 548697.63 7.96
178616.14 548607.63 7.32
178616.14 548517.63 8.64
178616.14 548427.63 7.84
178616.14 548337.63 6.42
178616.14 548247.63 6.61
178616.14 548157.63 7.13
178616.14 548067.63 8.18
178616.14 547977.63 8.97
178616.14 547887.63 9.04
178616.14 547797.63 8.68
178616.14 547707.63 8.66
178616.14 547617.63 8.87
178616.14 547527.63 8.66
178616.14 547437.63 8.97
178616.14 547347.63 9.07
178616.14 547257.63 8.24
178616.14 547167.63 9.48
178616.14 547077.63 6.18
178616.14 546987.63 5.40
178616.14 546897.63 5.22
178616.14 546807.63 5.23
178616.14 546717.63 5.16
178616.14 546627.63 5.53
178616.14 546537.63 4.89
178616.14 546447.63 5.20
178616.14 546357.63 10.19
178616.14 546267.63 9.46
178616.14 546177.63 10.45
178616.14 546087.63 10.81
178706.14 549417.63 6.24
178706.14 549327.63 7.57
178706.14 549237.63 7.16
178706.14 549147.63 6.64
178706.14 549057.63 7.60
178706.14 548967.63 7.17
178706.14 548877.63 7.24
178706.14 548787.63 6.61
178706.14 548697.63 6.67
178706.14 548607.63 7.24
178706.14 548517.63 6.08
178706.14 548427.63 6.55
178706.14 548337.63 5.56
178706.14 548247.63 5.60
178706.14 548157.63 6.14
178706.14 548067.63 7.48
178706.14 547977.63 7.10
178706.14 547887.63 7.12
178706.14 547797.63 7.10
178706.14 547707.63 7.16
178706.14 547617.63 6.94
178706.14 547527.63 7.00
178706.14 547437.63 6.90
178706.14 547347.63 6.82
178706.14 547257.63 7.08
178706.14 547167.63 7.34
178706.14 547077.63 6.05
178706.14 546987.63 5.33
178706.14 546897.63 4.87
178706.14 546807.63 4.75
178706.14 546717.63 4.88
178706.14 546627.63 6.04
178706.14 546537.63 5.56
178706.14 546447.63 8.88
178706.14 546357.63 10.51
178706.14 546267.63 9.48
178706.14 546177.63 10.07
178706.14 546087.63 10.38
178796.14 550047.63 6.86
178796.14 549957.63 6.53
178796.14 549867.63 6.18
178796.14 549777.63 5.73
178796.14 549687.63 6.93
178796.14 549597.63 6.79
178796.14 549507.63 6.34
178796.14 549417.63 6.50
178796.14 549327.63 7.37
178796.14 549237.63 7.31
178796.14 549147.63 6.32
178796.14 549057.63 6.92
178796.14 548967.63 5.94
178796.14 548877.63 6.08
178796.14 548787.63 5.04
178796.14 548697.63 5.01
178796.14 548607.63 4.98
178796.14 548517.63 4.95
178796.14 548427.63 5.22
178796.14 548337.63 5.13
178796.14 548247.63 5.01
178796.14 548157.63 5.32
178796.14 548067.63 6.45
178796.14 547977.63 6.24
178796.14 547887.63 6.09
178796.14 547797.63 6.54
178796.14 547707.63 6.56
178796.14 547617.63 6.44
178796.14 547527.63 6.07
178796.14 547437.63 5.83
178796.14 547347.63 6.04
178796.14 547257.63 5.99
178796.14 547167.63 6.28
178796.14 547077.63 6.17
178796.14 546987.63 5.82
178796.14 546897.63 5.70
178796.14 546807.63 5.52
178796.14 546717.63 5.66
178796.14 546627.63 6.07
178796.14 546537.63 9.10
178796.14 546447.63 9.96
178796.14 546357.63 10.02
178796.14 546267.63 9.67
178796.14 546177.63 9.74
178796.14 546087.63 9.65
178796.14 545997.63 9.93
178886.14 550587.63 7.49
178886.14 550497.63 7.52
178886.14 550407.63 7.47
178886.14 550317.63 7.31
178886.14 550227.63 7.54
178886.14 550137.63 7.46
178886.14 550047.63 7.09
178886.14 549957.63 6.20
178886.14 549867.63 6.30
178886.14 549777.63 5.79
178886.14 549687.63 7.26
178886.14 549597.63 7.16
178886.14 549507.63 6.62
178886.14 549417.63 7.03
178886.14 549327.63 6.27
178886.14 549237.63 5.96
178886.14 549147.63 5.40
178886.14 549057.63 5.12
178886.14 548967.63 5.47
178886.14 548877.63 5.78
178886.14 548787.63 7.31
178886.14 548697.63 7.70
178886.14 548607.63 7.70
178886.14 548517.63 7.54
178886.14 548427.63 7.61
178886.14 548337.63 7.44
178886.14 548247.63 7.32
178886.14 548157.63 7.89
178886.14 548067.63 10.30
178886.14 547977.63 9.15
178886.14 547887.63 8.11
178886.14 547797.63 7.71
178886.14 547707.63 7.42
178886.14 547617.63 7.29
178886.14 547527.63 6.78
178886.14 547437.63 6.59
178886.14 547347.63 7.26
178886.14 547257.63 7.46
178886.14 547167.63 8.74
178886.14 547077.63 9.48
178886.14 546987.63 9.43
178886.14 546897.63 9.60
178886.14 546807.63 9.54
178886.14 546717.63 9.62
178886.14 546627.63 9.64
178886.14 546537.63 9.55
178886.14 546447.63 9.64
178886.14 546357.63 10.00
178886.14 546267.63 9.93
178886.14 546177.63 10.21
178886.14 546087.63 9.99
178886.14 545997.63 10.52
178976.14 550767.63 7.60
178976.14 550677.63 6.66
178976.14 550587.63 7.37
178976.14 550497.63 7.69
178976.14 550407.63 7.76
178976.14 550317.63 7.51
178976.14 550227.63 7.47
178976.14 550137.63 7.47
178976.14 550047.63 7.12
178976.14 549957.63 7.49
178976.14 549867.63 7.57
178976.14 549777.63 5.53
178976.14 549687.63 6.57
178976.14 549597.63 5.68
178976.14 549507.63 5.80
178976.14 549417.63 6.39
178976.14 549327.63 5.16
178976.14 549237.63 5.14
178976.14 549147.63 5.78
178976.14 549057.63 7.73
178976.14 548967.63 9.08
178976.14 548877.63 9.31
178976.14 548787.63 8.99
178976.14 548697.63 8.11
178976.14 548607.63 7.77
178976.14 548517.63 7.68
178976.14 548427.63 6.77
178976.14 548337.63 6.90
178976.14 548247.63 7.39
178976.14 548157.63 7.73
178976.14 548067.63 10.43
178976.14 547977.63 8.40
178976.14 547887.63 7.89
178976.14 547797.63 7.84
178976.14 547707.63 7.27
178976.14 547617.63 7.22
178976.14 547527.63 6.84
178976.14 547437.63 6.76
178976.14 547347.63 7.18
178976.14 547257.63 7.37
178976.14 547167.63 8.38
178976.14 547077.63 9.52
178976.14 546987.63 9.69
178976.14 546897.63 9.75
178976.14 546807.63 9.93
178976.14 546717.63 9.91
178976.14 546627.63 9.89
178976.14 546537.63 9.67
178976.14 546447.63 9.74
178976.14 546357.63 9.96
178976.14 546267.63 10.01
178976.14 546177.63 10.22
178976.14 546087.63 10.15
178976.14 545997.63 10.41
179066.14 550857.63 7.86
179066.14 550767.63 7.76
179066.14 550677.63 6.91
179066.14 550587.63 7.18
179066.14 550497.63 8.07
179066.14 550407.63 7.59
179066.14 550317.63 7.00
179066.14 550227.63 7.78
179066.14 550137.63 7.28
179066.14 550047.63 6.55
179066.14 549957.63 6.44
179066.14 549867.63 5.99
179066.14 549777.63 5.15
179066.14 549687.63 5.31
179066.14 549597.63 5.02
179066.14 549507.63 4.89
179066.14 549417.63 4.96
179066.14 549327.63 5.91
179066.14 549237.63 7.90
179066.14 549147.63 8.64
179066.14 549057.63 8.42
179066.14 548967.63 8.54
179066.14 548877.63 7.75
179066.14 548787.63 7.82
179066.14 548697.63 7.89
179066.14 548607.63 6.80
179066.14 548517.63 7.24
179066.14 548427.63 7.65
179066.14 548337.63 8.21
179066.14 548247.63 7.54
179066.14 548157.63 7.73
179066.14 548067.63 10.68
179066.14 547977.63 8.43
179066.14 547887.63 7.91
179066.14 547797.63 7.89
179066.14 547707.63 7.30
179066.14 547617.63 7.23
179066.14 547527.63 7.18
179066.14 547437.63 7.16
179066.14 547347.63 7.35
179066.14 547257.63 7.38
179066.14 547167.63 8.60
179066.14 547077.63 9.69
179066.14 546987.63 9.85
179066.14 546897.63 9.91
179066.14 546807.63 9.84
179066.14 546717.63 9.82
179066.14 546627.63 9.89
179066.14 546537.63 9.75
179066.14 546447.63 9.82
179066.14 546357.63 9.97
179066.14 546267.63 9.96
179066.14 546177.63 10.57
179066.14 546087.63 10.12
179066.14 545997.63 10.27
179066.14 545907.63 10.77
179156.14 550857.63 8.99
179156.14 550767.63 8.18
179156.14 550677.63 7.67
179156.14 550587.63 8.17
179156.14 550497.63 8.10
179156.14 550407.63 7.89
179156.14 550317.63 6.73
179156.14 550227.63 6.49
179156.14 550137.63 6.87
179156.14 550047.63 5.72
179156.14 549957.63 5.51
179156.14 549867.63 5.61
179156.14 549777.63 7.65
179156.14 549687.63 8.73
179156.14 549597.63 8.00
179156.14 549507.63 7.59
179156.14 549417.63 7.62
179156.14 549327.63 7.87
179156.14 549237.63 8.13
179156.14 549147.63 8.33
179156.14 549057.63 7.83
179156.14 548967.63 6.93
179156.14 548877.63 5.96
179156.14 548787.63 6.16
179156.14 548697.63 6.53
179156.14 548607.63 6.11
179156.14 548517.63 6.38
179156.14 548427.63 6.91
179156.14 548337.63 7.86
179156.14 548247.63 7.50
179156.14 548157.63 7.65
179156.14 548067.63 12.36
179156.14 547977.63 8.28
179156.14 547887.63 7.95
179156.14 547797.63 7.72
179156.14 547707.63 7.18
179156.14 547617.63 7.06
179156.14 547527.63 7.17
179156.14 547437.63 7.16
179156.14 547347.63 7.42
179156.14 547257.63 7.54
179156.14 547167.63 8.63
179156.14 547077.63 8.84
179156.14 546987.63 10.05
179156.14 546897.63 9.87
179156.14 546807.63 9.81
179156.14 546717.63 10.15
179156.14 546627.63 10.16
179156.14 546537.63 9.69
179156.14 546447.63 9.99
179156.14 546357.63 10.03
179156.14 546267.63 10.42
179156.14 546177.63 10.91
179156.14 546087.63 10.39
179156.14 545997.63 10.60
179156.14 545907.63 11.29
179246.14 550947.63 8.25
179246.14 550857.63 8.39
179246.14 550767.63 7.68
179246.14 550677.63 7.03
179246.14 550587.63 7.03
179246.14 550497.63 6.24
179246.14 550407.63 7.21
179246.14 550317.63 7.36
179246.14 550227.63 5.73
179246.14 550137.63 5.16
179246.14 550047.63 5.32
179246.14 549957.63 8.59
179246.14 549867.63 9.48
179246.14 549777.63 9.89
179246.14 549687.63 9.51
179246.14 549597.63 8.93
179246.14 549507.63 8.40
179246.14 549417.63 8.20
179246.14 549327.63 8.13
179246.14 549237.63 8.33
179246.14 549147.63 8.39
179246.14 549057.63 7.02
179246.14 548967.63 5.70
179246.14 548877.63 5.52
179246.14 548787.63 5.70
179246.14 548697.63 5.72
179246.14 548607.63 5.77
179246.14 548517.63 6.25
179246.14 548427.63 6.79
179246.14 548337.63 6.89
179246.14 548247.63 7.70
179246.14 548157.63 7.81
179246.14 548067.63 12.49
179246.14 547977.63 7.63
179246.14 547887.63 7.89
179246.14 547797.63 7.42
179246.14 547707.63 7.17
179246.14 547617.63 7.12
179246.14 547527.63 7.21
179246.14 547437.63 7.35
179246.14 547347.63 7.36
179246.14 547257.63 7.57
179246.14 547167.63 8.08
179246.14 547077.63 6.94
179246.14 546987.63 9.62
179246.14 546897.63 9.94
179246.14 546807.63 9.87
179246.14 546717.63 9.90
179246.14 546627.63 9.73
179246.14 546537.63 9.44
179246.14 546447.63 9.34
179246.14 546357.63 10.46
179246.14 546267.63 11.06
179246.14 546177.63 12.36
179246.14 546087.63 11.98
179246.14 545997.63 10.97
179246.14 545907.63 10.50
179246.14 545817.63 10.33
179336.14 550947.63 5.99
179336.14 550857.63 5.91
179336.14 550767.63 4.85
179336.14 550677.63 4.25
179336.14 550587.63 4.81
179336.14 550497.63 5.04
179336.14 550407.63 5.74
179336.14 550317.63 8.40
179336.14 550227.63 8.86
179336.14 550137.63 8.84
179336.14 550047.63 9.04
179336.14 549957.63 9.30
179336.14 549867.63 9.60
179336.14 549777.63 10.11
179336.14 549687.63 10.04
179336.14 549597.63 9.89
179336.14 549507.63 9.52
179336.14 549417.63 9.91
179336.14 549327.63 8.61
179336.14 549237.63 8.41
179336.14 549147.63 8.31
179336.14 549057.63 8.33
179336.14 548967.63 5.89
179336.14 548877.63 5.38
179336.14 548787.63 5.81
179336.14 548697.63 5.84
179336.14 548607.63 5.61
179336.14 548517.63 6.00
179336.14 548427.63 6.71
179336.14 548337.63 6.62
179336.14 548247.63 6.70
179336.14 548157.63 7.24
179336.14 548067.63 12.32
179336.14 547977.63 9.05
179336.14 547887.63 6.96
179336.14 547797.63 7.28
179336.14 547707.63 7.60
179336.14 547617.63 7.39
179336.14 547527.63 7.37
179336.14 547437.63 7.75
179336.14 547347.63 7.37
179336.14 547257.63 7.98
179336.14 547167.63 8.09
179336.14 547077.63 6.91
179336.14 546987.63 8.69
179336.14 546897.63 9.77
179336.14 546807.63 10.19
179336.14 546717.63 9.78
179336.14 546627.63 9.55
179336.14 546537.63 10.07
179336.14 546447.63 8.74
179336.14 546357.63 11.11
179336.14 546267.63 10.89
179336.14 546177.63 13.88
179336.14 546087.63 13.28
179336.14 545997.63 11.33
179336.14 545907.63 11.65
179336.14 545817.63 11.92
179426.14 550947.63 5.29
179426.14 550857.63 5.15
179426.14 550767.63 5.23
179426.14 550677.63 6.08
179426.14 550587.63 7.55
179426.14 550497.63 8.14
179426.14 550407.63 6.49
179426.14 550317.63 7.73
179426.14 550227.63 8.34
179426.14 550137.63 9.25
179426.14 550047.63 9.42
179426.14 549957.63 9.91
179426.14 549867.63 9.74
179426.14 549777.63 9.41
179426.14 549687.63 9.54
179426.14 549597.63 9.57
179426.14 549507.63 10.58
179426.14 549417.63 10.75
179426.14 549327.63 8.64
179426.14 549237.63 7.82
179426.14 549147.63 7.81
179426.14 549057.63 7.64
179426.14 548967.63 5.82
179426.14 548877.63 5.40
179426.14 548787.63 5.56
179426.14 548697.63 5.55
179426.14 548607.63 5.63
179426.14 548517.63 5.83
179426.14 548427.63 6.31
179426.14 548337.63 5.89
179426.14 548247.63 5.71
179426.14 548157.63 6.64
179426.14 548067.63 13.03
179426.14 547977.63 8.41
179426.14 547887.63 5.55
179426.14 547797.63 6.68
179426.14 547707.63 7.47
179426.14 547617.63 7.56
179426.14 547527.63 7.63
179426.14 547437.63 7.98
179426.14 547347.63 7.48
179426.14 547257.63 8.38
179426.14 547167.63 8.22
179426.14 547077.63 7.31
179426.14 546987.63 9.06
179426.14 546897.63 9.33
179426.14 546807.63 10.45
179426.14 546717.63 10.77
179426.14 546627.63 11.22
179426.14 546537.63 11.60
179426.14 546447.63 9.61
179426.14 546357.63 11.02
179426.14 546267.63 10.53
179426.14 546177.63 12.88
179426.14 546087.63 14.22
179426.14 545997.63 13.82
179426.14 545907.63 14.55
179426.14 545817.63 15.60
179426.14 545727.63 12.44
179516.14 550947.63 8.71
179516.14 550857.63 8.23
179516.14 550767.63 8.41
179516.14 550677.63 7.91
179516.14 550587.63 7.72
179516.14 550497.63 7.74
179516.14 550407.63 8.62
179516.14 550317.63 7.79
179516.14 550227.63 8.18
179516.14 550137.63 9.09
179516.14 550047.63 9.31
179516.14 549957.63 9.54
179516.14 549867.63 9.67
179516.14 549777.63 9.34
179516.14 549687.63 11.61
179516.14 549597.63 12.05
179516.14 549507.63 14.39
179516.14 549417.63 11.50
179516.14 549327.63 9.60
179516.14 549237.63 7.07
179516.14 549147.63 6.60
179516.14 549057.63 6.00
179516.14 548967.63 5.59
179516.14 548877.63 5.54
179516.14 548787.63 5.53
179516.14 548697.63 5.60
179516.14 548607.63 5.66
179516.14 548517.63 5.68
179516.14 548427.63 5.75
179516.14 548337.63 5.73
179516.14 548247.63 5.70
179516.14 548157.63 6.23
179516.14 548067.63 11.86
179516.14 547977.63 7.58
179516.14 547887.63 6.49
179516.14 547797.63 7.21
179516.14 547707.63 7.22
179516.14 547617.63 7.74
179516.14 547527.63 8.07
179516.14 547437.63 8.04
179516.14 547347.63 7.94
179516.14 547257.63 7.90
179516.14 547167.63 7.49
179516.14 547077.63 8.02
179516.14 546987.63 7.95
179516.14 546897.63 8.35
179516.14 546807.63 10.55
179516.14 546717.63 11.40
179516.14 546627.63 12.78
179516.14 546537.63 13.26
179516.14 546447.63 10.93
179516.14 546357.63 10.85
179516.14 546267.63 10.04
179516.14 546177.63 12.92
179516.14 546087.63 15.97
179516.14 545997.63 16.68
179516.14 545907.63 17.77
179516.14 545817.63 17.41
179516.14 545727.63 15.46
179606.14 550857.63 8.22
179606.14 550767.63 8.51
179606.14 550677.63 7.99
179606.14 550587.63 7.45
179606.14 550497.63 7.82
179606.14 550407.63 8.12
179606.14 550317.63 8.22
179606.14 550227.63 6.74
179606.14 550137.63 8.05
179606.14 550047.63 8.14
179606.14 549957.63 7.89
179606.14 549867.63 9.62
179606.14 549777.63 9.29
179606.14 549687.63 14.03
179606.14 549597.63 17.28
179606.14 549507.63 17.88
179606.14 549417.63 13.00
179606.14 549327.63 12.65
179606.14 549237.63 7.43
179606.14 549147.63 6.54
179606.14 549057.63 6.53
179606.14 548967.63 5.89
179606.14 548877.63 5.69
179606.14 548787.63 5.52
179606.14 548697.63 5.55
179606.14 548607.63 5.63
179606.14 548517.63 5.68
179606.14 548427.63 5.75
179606.14 548337.63 5.73
179606.14 548247.63 5.74
179606.14 548157.63 6.02
179606.14 548067.63 10.70
179606.14 547977.63 7.96
179606.14 547887.63 7.00
179606.14 547797.63 7.60
179606.14 547707.63 7.56
179606.14 547617.63 7.68
179606.14 547527.63 8.05
179606.14 547437.63 8.40
179606.14 547347.63 8.28
179606.14 547257.63 8.36
179606.14 547167.63 6.77
179606.14 547077.63 8.40
179606.14 546987.63 8.92
179606.14 546897.63 8.60
179606.14 546807.63 10.03
179606.14 546717.63 11.16
179606.14 546627.63 13.16
179606.14 546537.63 13.33
179606.14 546447.63 12.26
179606.14 546357.63 11.17
179606.14 546267.63 9.83
179606.14 546177.63 12.32
179606.14 546087.63 15.42
179606.14 545997.63 16.36
179606.14 545907.63 18.61
179606.14 545817.63 17.60
179606.14 545727.63 16.63
179606.14 545637.63 12.81
179696.14 550857.63 8.53
179696.14 550767.63 9.22
179696.14 550677.63 8.16
179696.14 550587.63 6.90
179696.14 550497.63 7.79
179696.14 550407.63 7.97
179696.14 550317.63 8.46
179696.14 550227.63 7.20
179696.14 550137.63 6.98
179696.14 550047.63 6.21
179696.14 549957.63 4.75
179696.14 549867.63 9.04
179696.14 549777.63 9.07
179696.14 549687.63 9.78
179696.14 549597.63 16.68
179696.14 549507.63 15.70
179696.14 549417.63 11.86
179696.14 549327.63 11.31
179696.14 549237.63 7.11
179696.14 549147.63 6.48
179696.14 549057.63 6.36
179696.14 548967.63 6.06
179696.14 548877.63 5.73
179696.14 548787.63 5.55
179696.14 548697.63 5.54
179696.14 548607.63 5.58
179696.14 548517.63 5.70
179696.14 548427.63 6.11
179696.14 548337.63 5.91
179696.14 548247.63 5.97
179696.14 548157.63 5.92
179696.14 548067.63 9.64
179696.14 547977.63 8.98
179696.14 547887.63 8.11
179696.14 547797.63 7.26
179696.14 547707.63 7.75
179696.14 547617.63 7.89
179696.14 547527.63 7.95
179696.14 547437.63 9.22
179696.14 547347.63 9.25
179696.14 547257.63 9.32
179696.14 547167.63 8.68
179696.14 547077.63 9.63
179696.14 546987.63 11.02
179696.14 546897.63 10.46
179696.14 546807.63 10.46
179696.14 546717.63 10.93
179696.14 546627.63 12.49
179696.14 546537.63 11.95
179696.14 546447.63 13.00
179696.14 546357.63 11.97
179696.14 546267.63 10.10
179696.14 546177.63 11.37
179696.14 546087.63 12.62
179696.14 545997.63 13.43
179696.14 545907.63 16.35
179696.14 545817.63 17.00
179696.14 545727.63 16.02
179696.14 545637.63 12.81
179786.14 550767.63 8.57
179786.14 550677.63 7.66
179786.14 550587.63 7.03
179786.14 550497.63 7.44
179786.14 550407.63 7.85
179786.14 550317.63 8.06
179786.14 550227.63 7.25
179786.14 550137.63 7.21
179786.14 550047.63 7.77
179786.14 549957.63 5.97
179786.14 549867.63 7.00
179786.14 549777.63 8.28
179786.14 549687.63 8.11
179786.14 549597.63 12.55
179786.14 549507.63 9.30
179786.14 549417.63 6.76
179786.14 549327.63 6.53
179786.14 549237.63 6.07
179786.14 549147.63 5.93
179786.14 549057.63 5.66
179786.14 548967.63 5.61
179786.14 548877.63 5.66
179786.14 548787.63 5.78
179786.14 548697.63 5.75
179786.14 548607.63 5.65
179786.14 548517.63 5.80
179786.14 548427.63 6.61
179786.14 548337.63 6.24
179786.14 548247.63 6.17
179786.14 548157.63 6.13
179786.14 548067.63 8.95
179786.14 547977.63 8.38
179786.14 547887.63 8.29
179786.14 547797.63 7.34
179786.14 547707.63 7.50
179786.14 547617.63 7.95
179786.14 547527.63 7.95
179786.14 547437.63 8.86
179786.14 547347.63 9.76
179786.14 547257.63 9.87
179786.14 547167.63 9.39
179786.14 547077.63 9.96
179786.14 546987.63 10.53
179786.14 546897.63 11.15
179786.14 546807.63 11.80
179786.14 546717.63 11.66
179786.14 546627.63 11.37
179786.14 546537.63 10.64
179786.14 546447.63 11.49
179786.14 546357.63 13.59
179786.14 546267.63 11.32
179786.14 546177.63 11.59
179786.14 546087.63 12.04
179786.14 545997.63 12.39
179786.14 545907.63 13.64
179786.14 545817.63 15.31
179786.14 545727.63 16.73
179786.14 545637.63 14.84
179876.14 550767.63 7.51
179876.14 550677.63 7.51
179876.14 550587.63 7.42
179876.14 550497.63 7.39
179876.14 550407.63 7.52
179876.14 550317.63 7.51
179876.14 550227.63 7.57
179876.14 550137.63 7.41
179876.14 550047.63 7.62
179876.14 549957.63 6.75
179876.14 549867.63 5.85
179876.14 549777.63 6.17
179876.14 549687.63 5.44
179876.14 549597.63 5.25
179876.14 549507.63 5.59
179876.14 549417.63 5.63
179876.14 549327.63 5.59
179876.14 549237.63 5.59
179876.14 549147.63 5.54
179876.14 549057.63 5.58
179876.14 548967.63 5.64
179876.14 548877.63 5.68
179876.14 548787.63 6.29
179876.14 548697.63 6.11
179876.14 548607.63 5.83
179876.14 548517.63 5.99
179876.14 548427.63 6.76
179876.14 548337.63 6.16
179876.14 548247.63 6.06
179876.14 548157.63 6.33
179876.14 548067.63 8.65
179876.14 547977.63 8.93
179876.14 547887.63 8.71
179876.14 547797.63 7.12
179876.14 547707.63 7.63
179876.14 547617.63 7.86
179876.14 547527.63 7.36
179876.14 547437.63 7.52
179876.14 547347.63 9.68
179876.14 547257.63 10.21
179876.14 547167.63 9.36
179876.14 547077.63 9.36
179876.14 546987.63 8.68
179876.14 546897.63 8.85
179876.14 546807.63 10.82
179876.14 546717.63 10.48
179876.14 546627.63 8.99
179876.14 546537.63 8.46
179876.14 546447.63 8.97
179876.14 546357.63 12.53
179876.14 546267.63 12.23
179876.14 546177.63 12.59
179876.14 546087.63 12.77
179876.14 545997.63 12.76
179876.14 545907.63 12.91
179876.14 545817.63 14.47
179876.14 545727.63 17.00
179876.14 545637.63 16.92
179966.14 550677.63 7.32
179966.14 550587.63 7.18
179966.14 550497.63 6.97
179966.14 550407.63 7.52
179966.14 550317.63 7.81
179966.14 550227.63 7.50
179966.14 550137.63 7.08
179966.14 550047.63 7.29
179966.14 549957.63 6.18
179966.14 549867.63 5.77
179966.14 549777.63 5.68
179966.14 549687.63 5.57
179966.14 549597.63 5.10
179966.14 549507.63 5.43
179966.14 549417.63 5.74
179966.14 549327.63 5.60
179966.14 549237.63 5.85
179966.14 549147.63 5.77
179966.14 549057.63 5.61
179966.14 548967.63 5.67
179966.14 548877.63 5.69
179966.14 548787.63 6.31
179966.14 548697.63 6.19
179966.14 548607.63 6.12
179966.14 548517.63 6.20
179966.14 548427.63 6.30
179966.14 548337.63 5.91
179966.14 548247.63 5.92
179966.14 548157.63 6.47
179966.14 548067.63 9.08
179966.14 547977.63 7.94
179966.14 547887.63 7.62
179966.14 547797.63 6.74
179966.14 547707.63 8.06
179966.14 547617.63 7.41
179966.14 547527.63 6.82
179966.14 547437.63 6.96
179966.14 547347.63 7.79
179966.14 547257.63 9.00
179966.14 547167.63 8.92
179966.14 547077.63 8.23
179966.14 546987.63 8.12
179966.14 546897.63 8.13
179966.14 546807.63 8.31
179966.14 546717.63 7.99
179966.14 546627.63 7.97
179966.14 546537.63 8.10
179966.14 546447.63 8.57
179966.14 546357.63 9.65
179966.14 546267.63 10.53
179966.14 546177.63 12.15
179966.14 546087.63 11.44
179966.14 545997.63 11.76
179966.14 545907.63 13.07
179966.14 545817.63 14.54
179966.14 545727.63 16.87
180056.14 550677.63 7.24
180056.14 550587.63 7.17
180056.14 550497.63 7.50
180056.14 550407.63 7.80
180056.14 550317.63 7.90
180056.14 550227.63 6.96
180056.14 550137.63 6.87
180056.14 550047.63 6.99
180056.14 549957.63 5.97
180056.14 549867.63 5.83
180056.14 549777.63 5.80
180056.14 549687.63 5.80
180056.14 549597.63 5.76
180056.14 549507.63 5.49
180056.14 549417.63 5.95
180056.14 549327.63 5.69
180056.14 549237.63 5.76
180056.14 549147.63 5.47
180056.14 549057.63 5.50
180056.14 548967.63 5.65
180056.14 548877.63 5.68
180056.14 548787.63 6.53
180056.14 548697.63 6.48
180056.14 548607.63 6.18
180056.14 548517.63 6.55
180056.14 548427.63 6.25
180056.14 548337.63 6.07
180056.14 548247.63 6.00
180056.14 548157.63 6.18
180056.14 548067.63 10.76
180056.14 547977.63 8.13
180056.14 547887.63 7.78
180056.14 547797.63 9.35
180056.14 547707.63 9.33
180056.14 547617.63 7.66
180056.14 547527.63 6.85
180056.14 547437.63 6.94
180056.14 547347.63 7.35
180056.14 547257.63 8.43
180056.14 547167.63 8.21
180056.14 547077.63 7.98
180056.14 546987.63 7.83
180056.14 546897.63 7.94
180056.14 546807.63 7.81
180056.14 546717.63 7.85
180056.14 546627.63 8.22
180056.14 546537.63 8.27
180056.14 546447.63 8.15
180056.14 546357.63 8.12
180056.14 546267.63 8.17
180056.14 546177.63 8.21
180056.14 546087.63 8.66
180056.14 545997.63 9.87
180056.14 545907.63 12.31
180056.14 545817.63 13.41
180056.14 545727.63 13.82
180146.14 550587.63 7.13
180146.14 550497.63 7.54
180146.14 550407.63 7.61
180146.14 550317.63 7.46
180146.14 550227.63 6.87
180146.14 550137.63 6.97
180146.14 550047.63 7.05
180146.14 549957.63 6.12
180146.14 549867.63 5.86
180146.14 549777.63 5.82
180146.14 549687.63 5.91
180146.14 549597.63 5.84
180146.14 549507.63 5.64
180146.14 549417.63 5.58
180146.14 549327.63 5.75
180146.14 549237.63 6.06
180146.14 549147.63 5.60
180146.14 549057.63 5.54
180146.14 548967.63 5.65
180146.14 548877.63 5.70
180146.14 548787.63 6.54
180146.14 548697.63 6.45
180146.14 548607.63 6.37
180146.14 548517.63 6.86
180146.14 548427.63 6.33
180146.14 548337.63 6.17
180146.14 548247.63 6.38
180146.14 548157.63 8.81
180146.14 548067.63 13.44
180146.14 547977.63 8.81
180146.14 547887.63 8.34
180146.14 547797.63 9.57
180146.14 547707.63 9.80
180146.14 547617.63 8.92
180146.14 547527.63 6.69
180146.14 547437.63 6.82
180146.14 547347.63 7.43
180146.14 547257.63 8.11
180146.14 547167.63 8.03
180146.14 547077.63 8.23
180146.14 546987.63 7.80
180146.14 546897.63 7.69
180146.14 546807.63 7.83
180146.14 546717.63 7.91
180146.14 546627.63 8.53
180146.14 546537.63 8.47
180146.14 546447.63 8.23
180146.14 546357.63 8.76
180146.14 546267.63 8.38
180146.14 546177.63 7.80
180146.14 546087.63 9.00
180146.14 545997.63 8.80
180146.14 545907.63 9.73
180146.14 545817.63 10.62
180146.14 545727.63 11.03
180236.14 550587.63 7.18
180236.14 550497.63 7.52
180236.14 550407.63 7.21
180236.14 550317.63 7.20
180236.14 550227.63 6.95
180236.14 550137.63 6.88
180236.14 550047.63 7.13
180236.14 549957.63 6.22
180236.14 549867.63 5.83
180236.14 549777.63 5.80
180236.14 549687.63 5.94
180236.14 549597.63 5.83
180236.14 549507.63 5.70
180236.14 549417.63 5.71
180236.14 549327.63 5.67
180236.14 549237.63 5.59
180236.14 549147.63 5.65
180236.14 549057.63 5.59
180236.14 548967.63 5.68
180236.14 548877.63 5.72
180236.14 548787.63 6.03
180236.14 548697.63 6.04
180236.14 548607.63 6.64
180236.14 548517.63 7.09
180236.14 548427.63 6.63
180236.14 548337.63 6.16
180236.14 548247.63 6.53
180236.14 548157.63 11.72
180236.14 548067.63 15.68
180236.14 547977.63 9.54
180236.14 547887.63 9.27
180236.14 547797.63 9.40
180236.14 547707.63 9.37
180236.14 547617.63 9.43
180236.14 547527.63 6.59
180236.14 547437.63 6.40
180236.14 547347.63 7.28
180236.14 547257.63 7.85
180236.14 547167.63 8.82
180236.14 547077.63 8.56
180236.14 546987.63 7.76
180236.14 546897.63 7.72
180236.14 546807.63 8.15
180236.14 546717.63 8.72
180236.14 546627.63 9.45
180236.14 546537.63 9.34
180236.14 546447.63 8.84
180236.14 546357.63 9.98
180236.14 546267.63 9.61
180236.14 546177.63 8.84
180236.14 546087.63 8.92
180236.14 545997.63 9.00
180236.14 545907.63 9.39
180236.14 545817.63 10.29
180326.14 550497.63 7.84
180326.14 550407.63 7.57
180326.14 550317.63 7.67
180326.14 550227.63 7.42
180326.14 550137.63 6.85
180326.14 550047.63 7.12
180326.14 549957.63 6.43
180326.14 549867.63 5.88
180326.14 549777.63 5.77
180326.14 549687.63 5.89
180326.14 549597.63 5.88
180326.14 549507.63 5.83
180326.14 549417.63 5.83
180326.14 549327.63 6.10
180326.14 549237.63 5.50
180326.14 549147.63 5.64
180326.14 549057.63 5.63
180326.14 548967.63 5.67
180326.14 548877.63 5.72
180326.14 548787.63 5.68
180326.14 548697.63 5.96
180326.14 548607.63 6.49
180326.14 548517.63 7.10
180326.14 548427.63 6.93
180326.14 548337.63 6.32
180326.14 548247.63 6.40
180326.14 548157.63 8.14
180326.14 548067.63 13.50
180326.14 547977.63 10.24
180326.14 547887.63 9.48
180326.14 547797.63 9.32
180326.14 547707.63 9.43
180326.14 547617.63 9.36
180326.14 547527.63 7.67
180326.14 547437.63 7.15
180326.14 547347.63 7.69
180326.14 547257.63 8.02
180326.14 547167.63 12.18
180326.14 547077.63 9.74
180326.14 546987.63 8.46
180326.14 546897.63 8.18
180326.14 546807.63 8.68
180326.14 546717.63 9.49
180326.14 546627.63 10.35
180326.14 546537.63 10.33
180326.14 546447.63 9.48
180326.14 546357.63 10.42
180326.14 546267.63 10.52
180326.14 546177.63 10.52
180326.14 546087.63 9.16
180326.14 545997.63 10.13
180326.14 545907.63 10.42
180326.14 545817.63 12.10
180416.14 550497.63 8.09
180416.14 550407.63 8.40
180416.14 550317.63 8.63
180416.14 550227.63 8.18
180416.14 550137.63 6.74
180416.14 550047.63 7.13
180416.14 549957.63 6.71
180416.14 549867.63 6.25
180416.14 549777.63 6.04
180416.14 549687.63 5.87
180416.14 549597.63 5.85
180416.14 549507.63 5.91
180416.14 549417.63 5.96
180416.14 549327.63 6.89
180416.14 549237.63 5.95
180416.14 549147.63 5.68
180416.14 549057.63 5.64
180416.14 548967.63 5.68
180416.14 548877.63 5.76
180416.14 548787.63 5.69
180416.14 548697.63 5.84
180416.14 548607.63 6.40
180416.14 548517.63 6.67
180416.14 548427.63 6.68
180416.14 548337.63 6.64
180416.14 548247.63 6.83
180416.14 548157.63 8.06
180416.14 548067.63 11.10
180416.14 547977.63 10.26
180416.14 547887.63 10.12
180416.14 547797.63 9.91
180416.14 547707.63 10.00
180416.14 547617.63 10.09
180416.14 547527.63 8.79
180416.14 547437.63 8.08
180416.14 547347.63 7.98
180416.14 547257.63 8.72
180416.14 547167.63 12.81
180416.14 547077.63 10.43
180416.14 546987.63 9.02
180416.14 546897.63 8.37
180416.14 546807.63 9.31
180416.14 546717.63 10.55
180416.14 546627.63 11.79
180416.14 546537.63 11.04
180416.14 546447.63 10.22
180416.14 546357.63 11.19
180416.14 546267.63 11.27
180416.14 546177.63 11.02
180416.14 546087.63 10.22
180416.14 545997.63 10.36
180416.14 545907.63 10.11
180506.14 550407.63 8.65
180506.14 550317.63 7.73
180506.14 550227.63 7.65
180506.14 550137.63 6.94
180506.14 550047.63 7.13
180506.14 549957.63 6.74
180506.14 549867.63 6.71
180506.14 549777.63 6.68
180506.14 549687.63 6.22
180506.14 549597.63 5.92
180506.14 549507.63 5.84
180506.14 549417.63 6.39
180506.14 549327.63 7.84
180506.14 549237.63 7.16
180506.14 549147.63 6.06
180506.14 549057.63 5.80
180506.14 548967.63 5.71
180506.14 548877.63 5.75
180506.14 548787.63 5.70
180506.14 548697.63 5.71
180506.14 548607.63 6.13
180506.14 548517.63 6.28
180506.14 548427.63 6.52
180506.14 548337.63 6.65
180506.14 548247.63 7.33
180506.14 548157.63 9.37
180506.14 548067.63 13.32
180506.14 547977.63 10.64
180506.14 547887.63 10.30
180506.14 547797.63 10.16
180506.14 547707.63 10.09
180506.14 547617.63 10.12
180506.14 547527.63 9.06
180506.14 547437.63 7.42
180506.14 547347.63 7.83
180506.14 547257.63 8.61
180506.14 547167.63 12.14
180506.14 547077.63 11.84
180506.14 546987.63 10.96
180506.14 546897.63 9.38
180506.14 546807.63 9.74
180506.14 546717.63 11.84
180506.14 546627.63 14.20
180506.14 546537.63 12.70
180506.14 546447.63 11.19
180506.14 546357.63 11.82
180506.14 546267.63 11.54
180506.14 546177.63 10.67
180506.14 546087.63 10.11
180506.14 545997.63 10.00
180506.14 545907.63 9.96
180596.14 550407.63 8.58
180596.14 550317.63 7.95
180596.14 550227.63 7.46
180596.14 550137.63 7.38
180596.14 550047.63 7.15
180596.14 549957.63 6.93
180596.14 549867.63 6.84
180596.14 549777.63 6.67
180596.14 549687.63 6.73
180596.14 549597.63 6.15
180596.14 549507.63 6.23
180596.14 549417.63 6.94
180596.14 549327.63 9.07
180596.14 549237.63 7.34
180596.14 549147.63 6.60
180596.14 549057.63 6.23
180596.14 548967.63 5.78
180596.14 548877.63 5.73
180596.14 548787.63 5.71
180596.14 548697.63 5.71
180596.14 548607.63 5.72
180596.14 548517.63 5.79
180596.14 548427.63 6.30
180596.14 548337.63 6.61
180596.14 548247.63 8.36
180596.14 548157.63 10.41
180596.14 548067.63 10.97
180596.14 547977.63 10.39
180596.14 547887.63 11.02
180596.14 547797.63 9.89
180596.14 547707.63 9.55
180596.14 547617.63 9.97
180596.14 547527.63 8.23
180596.14 547437.63 7.34
180596.14 547347.63 7.89
180596.14 547257.63 7.86
180596.14 547167.63 11.12
180596.14 547077.63 14.61
180596.14 546987.63 13.90
180596.14 546897.63 10.80
180596.14 546807.63 10.33
180596.14 546717.63 11.78
180596.14 546627.63 15.23
180596.14 546537.63 14.59
180596.14 546447.63 12.35
180596.14 546357.63 13.51
180596.14 546267.63 12.37
180596.14 546177.63 10.76
180596.14 546087.63 10.17
180596.14 545997.63 10.20
180596.14 545907.63 10.38
180686.14 550317.63 8.10
180686.14 550227.63 7.34
180686.14 550137.63 7.73
180686.14 550047.63 7.96
180686.14 549957.63 7.07
180686.14 549867.63 7.42
180686.14 549777.63 7.21
180686.14 549687.63 7.26
180686.14 549597.63 6.73
180686.14 549507.63 7.05
180686.14 549417.63 6.98
180686.14 549327.63 8.55
180686.14 549237.63 7.22
180686.14 549147.63 6.87
180686.14 549057.63 6.59
180686.14 548967.63 5.92
180686.14 548877.63 5.74
180686.14 548787.63 5.70
180686.14 548697.63 5.68
180686.14 548607.63 5.69
180686.14 548517.63 5.64
180686.14 548427.63 6.09
180686.14 548337.63 7.28
180686.14 548247.63 9.70
180686.14 548157.63 10.77
180686.14 548067.63 10.07
180686.14 547977.63 11.14
180686.14 547887.63 12.66
180686.14 547797.63 9.62
180686.14 547707.63 8.33
180686.14 547617.63 9.19
180686.14 547527.63 8.25
180686.14 547437.63 7.89
180686.14 547347.63 7.76
180686.14 547257.63 7.66
180686.14 547167.63 9.36
180686.14 547077.63 13.33
180686.14 546987.63 12.80
180686.14 546897.63 11.26
180686.14 546807.63 11.38
180686.14 546717.63 11.94
180686.14 546627.63 14.15
180686.14 546537.63 15.84
180686.14 546447.63 14.73
180686.14 546357.63 17.58
180686.14 546267.63 14.58
180686.14 546177.63 11.96
180686.14 546087.63 11.50
180686.14 545997.63 11.84
180776.14 550317.63 6.71
180776.14 550227.63 7.28
180776.14 550137.63 8.12
180776.14 550047.63 9.15
180776.14 549957.63 8.22
180776.14 549867.63 8.69
180776.14 549777.63 8.51
180776.14 549687.63 8.29
180776.14 549597.63 7.14
180776.14 549507.63 7.11
180776.14 549417.63 7.16
180776.14 549327.63 6.99
180776.14 549237.63 7.81
180776.14 549147.63 7.62
180776.14 549057.63 7.08
180776.14 548967.63 7.29
180776.14 548877.63 6.31
180776.14 548787.63 5.80
180776.14 548697.63 5.93
180776.14 548607.63 6.12
180776.14 548517.63 6.63
180776.14 548427.63 7.36
180776.14 548337.63 9.18
180776.14 548247.63 10.20
180776.14 548157.63 10.91
180776.14 548067.63 10.94
180776.14 547977.63 12.76
180776.14 547887.63 12.65
180776.14 547797.63 10.10
180776.14 547707.63 8.37
180776.14 547617.63 8.06
180776.14 547527.63 8.53
180776.14 547437.63 8.08
180776.14 547347.63 7.95
180776.14 547257.63 8.14
180776.14 547167.63 8.43
180776.14 547077.63 8.33
180776.14 546987.63 8.96
180776.14 546897.63 9.83
180776.14 546807.63 11.18
180776.14 546717.63 11.89
180776.14 546627.63 12.84
180776.14 546537.63 15.62
180776.14 546447.63 16.76
180776.14 546357.63 19.76
180776.14 546267.63 15.80
180776.14 546177.63 13.22
180776.14 546087.63 13.05
180776.14 545997.63 13.57
180866.14 550227.63 6.80
180866.14 550137.63 7.21
180866.14 550047.63 8.09
180866.14 549957.63 10.29
180866.14 549867.63 8.56
180866.14 549777.63 8.43
180866.14 549687.63 7.92
180866.14 549597.63 7.05
180866.14 549507.63 6.96
180866.14 549417.63 7.05
180866.14 549327.63 7.05
180866.14 549237.63 10.39
180866.14 549147.63 10.35
180866.14 549057.63 7.92
180866.14 548967.63 9.44
180866.14 548877.63 8.05
180866.14 548787.63 6.41
180866.14 548697.63 7.02
180866.14 548607.63 7.31
180866.14 548517.63 8.55
180866.14 548427.63 7.88
180866.14 548337.63 8.45
180866.14 548247.63 10.06
180866.14 548157.63 11.82
180866.14 548067.63 12.53
180866.14 547977.63 13.09
180866.14 547887.63 12.70
180866.14 547797.63 10.34
180866.14 547707.63 8.54
180866.14 547617.63 8.72
180866.14 547527.63 8.68
180866.14 547437.63 8.16
180866.14 547347.63 7.90
180866.14 547257.63 8.17
180866.14 547167.63 8.57
180866.14 547077.63 8.29
180866.14 546987.63 8.73
180866.14 546897.63 8.94
180866.14 546807.63 9.49
180866.14 546717.63 10.13
180866.14 546627.63 10.97
180866.14 546537.63 12.29
180866.14 546447.63 13.25
180866.14 546357.63 18.41
180866.14 546267.63 16.33
180866.14 546177.63 14.57
180866.14 546087.63 14.20
180866.14 545997.63 14.48
180956.14 550227.63 7.07
180956.14 550137.63 8.20
180956.14 550047.63 8.65
180956.14 549957.63 11.09
180956.14 549867.63 8.68
180956.14 549777.63 8.32
180956.14 549687.63 7.53
180956.14 549597.63 7.31
180956.14 549507.63 7.12
180956.14 549417.63 7.11
180956.14 549327.63 7.26
180956.14 549237.63 12.34
180956.14 549147.63 12.88
180956.14 549057.63 8.34
180956.14 548967.63 9.28
180956.14 548877.63 9.45
180956.14 548787.63 7.31
180956.14 548697.63 8.18
180956.14 548607.63 8.17
180956.14 548517.63 8.84
180956.14 548427.63 7.78
180956.14 548337.63 8.38
180956.14 548247.63 11.40
180956.14 548157.63 12.82
180956.14 548067.63 13.33
180956.14 547977.63 13.36
180956.14 547887.63 13.01
180956.14 547797.63 10.40
180956.14 547707.63 9.33
180956.14 547617.63 9.18
180956.14 547527.63 9.38
180956.14 547437.63 8.79
180956.14 547347.63 8.34
180956.14 547257.63 8.59
180956.14 547167.63 8.77
180956.14 547077.63 8.36
180956.14 546987.63 8.74
180956.14 546897.63 8.96
180956.14 546807.63 10.01
180956.14 546717.63 10.64
180956.14 546627.63 11.14
180956.14 546537.63 11.02
180956.14 546447.63 12.34
180956.14 546357.63 15.17
180956.14 546267.63 16.31
180956.14 546177.63 16.24
180956.14 546087.63 17.25
181046.14 550137.63 8.52
181046.14 550047.63 10.93
181046.14 549957.63 9.98
181046.14 549867.63 8.49
181046.14 549777.63 8.28
181046.14 549687.63 8.05
181046.14 549597.63 8.48
181046.14 549507.63 7.90
181046.14 549417.63 7.25
181046.14 549327.63 8.16
181046.14 549237.63 10.70
181046.14 549147.63 10.70
181046.14 549057.63 7.94
181046.14 548967.63 8.67
181046.14 548877.63 9.12
181046.14 548787.63 7.17
181046.14 548697.63 8.85
181046.14 548607.63 8.77
181046.14 548517.63 8.34
181046.14 548427.63 7.30
181046.14 548337.63 7.98
181046.14 548247.63 11.03
181046.14 548157.63 12.17
181046.14 548067.63 13.04
181046.14 547977.63 13.19
181046.14 547887.63 13.03
181046.14 547797.63 10.56
181046.14 547707.63 9.92
181046.14 547617.63 10.31
181046.14 547527.63 10.42
181046.14 547437.63 9.31
181046.14 547347.63 8.93
181046.14 547257.63 9.19
181046.14 547167.63 8.98
181046.14 547077.63 8.90
181046.14 546987.63 9.57
181046.14 546897.63 9.76
181046.14 546807.63 11.24
181046.14 546717.63 13.50
181046.14 546627.63 13.21
181046.14 546537.63 12.06
181046.14 546447.63 12.95
181046.14 546357.63 15.57
181046.14 546267.63 17.02
181046.14 546177.63 18.94
181046.14 546087.63 21.35
181046.14 545277.63 22.28
181046.14 545187.63 20.88
181136.14 550137.63 9.51
181136.14 550047.63 12.27
181136.14 549957.63 9.36
181136.14 549867.63 8.15
181136.14 549777.63 8.29
181136.14 549687.63 7.55
181136.14 549597.63 8.72
181136.14 549507.63 8.69
181136.14 549417.63 7.84
181136.14 549327.63 8.73
181136.14 549237.63 8.90
181136.14 549147.63 8.64
181136.14 549057.63 7.98
181136.14 548967.63 7.82
181136.14 548877.63 8.04
181136.14 548787.63 6.81
181136.14 548697.63 8.46
181136.14 548607.63 8.02
181136.14 548517.63 7.07
181136.14 548427.63 7.03
181136.14 548337.63 7.74
181136.14 548247.63 11.30
181136.14 548157.63 11.70
181136.14 548067.63 12.61
181136.14 547977.63 13.16
181136.14 547887.63 13.23
181136.14 547797.63 11.07
181136.14 547707.63 10.87
181136.14 547617.63 11.58
181136.14 547527.63 11.04
181136.14 547437.63 9.91
181136.14 547347.63 10.19
181136.14 547257.63 9.67
181136.14 547167.63 9.25
181136.14 547077.63 9.36
181136.14 546987.63 9.90
181136.14 546897.63 10.53
181136.14 546807.63 12.22
181136.14 546717.63 15.75
181136.14 546627.63 15.30
181136.14 546537.63 13.95
181136.14 546447.63 14.03
181136.14 546357.63 17.66
181136.14 546267.63 19.70
181136.14 546177.63 25.31
181136.14 545727.63 31.99
181136.14 545637.63 28.53
181136.14 545547.63 26.14
181136.14 545457.63 25.68
181136.14 545367.63 25.44
181136.14 545277.63 24.46
181136.14 545187.63 23.22
181136.14 545097.63 21.44
181136.14 545007.63 19.33
181226.14 550047.63 10.68
181226.14 549957.63 8.90
181226.14 549867.63 7.92
181226.14 549777.63 7.92
181226.14 549687.63 8.31
181226.14 549597.63 8.58
181226.14 549507.63 8.37
181226.14 549417.63 8.76
181226.14 549327.63 8.57
181226.14 549237.63 8.92
181226.14 549147.63 9.04
181226.14 549057.63 8.27
181226.14 548967.63 8.29
181226.14 548877.63 7.90
181226.14 548787.63 6.96
181226.14 548697.63 7.36
181226.14 548607.63 7.08
181226.14 548517.63 6.97
181226.14 548427.63 7.19
181226.14 548337.63 7.53
181226.14 548247.63 11.00
181226.14 548157.63 11.89
181226.14 548067.63 12.47
181226.14 547977.63 13.09
181226.14 547887.63 14.84
181226.14 547797.63 12.17
181226.14 547707.63 12.35
181226.14 547617.63 12.34
181226.14 547527.63 11.40
181226.14 547437.63 11.00
181226.14 547347.63 12.81
181226.14 547257.63 11.57
181226.14 547167.63 9.79
181226.14 547077.63 9.53
181226.14 546987.63 9.95
181226.14 546897.63 11.24
181226.14 546807.63 13.24
181226.14 546717.63 14.41
181226.14 546627.63 15.41
181226.14 546537.63 15.51
181226.14 546447.63 16.22
181226.14 546357.63 19.87
181226.14 546267.63 26.89
181226.14 546177.63 37.30
181226.14 546087.63 44.43
181226.14 545997.63 45.77
181226.14 545907.63 49.56
181226.14 545817.63 49.37
181226.14 545727.63 48.23
181226.14 545637.63 44.73
181226.14 545547.63 35.36
181226.14 545457.63 31.03
181226.14 545367.63 29.96
181226.14 545277.63 28.90
181226.14 545187.63 27.49
181226.14 545097.63 24.62
181226.14 545007.63 21.65
181226.14 544917.63 16.55
181316.14 550047.63 8.81
181316.14 549957.63 7.95
181316.14 549867.63 8.03
181316.14 549777.63 8.28
181316.14 549687.63 8.66
181316.14 549597.63 8.53
181316.14 549507.63 8.39
181316.14 549417.63 7.83
181316.14 549327.63 8.52
181316.14 549237.63 9.51
181316.14 549147.63 9.24
181316.14 549057.63 8.10
181316.14 548967.63 7.70
181316.14 548877.63 7.56
181316.14 548787.63 7.11
181316.14 548697.63 7.22
181316.14 548607.63 7.38
181316.14 548517.63 7.36
181316.14 548427.63 7.65
181316.14 548337.63 7.75
181316.14 548247.63 10.36
181316.14 548157.63 11.06
181316.14 548067.63 12.08
181316.14 547977.63 13.15
181316.14 547887.63 16.71
181316.14 547797.63 14.19
181316.14 547707.63 14.32
181316.14 547617.63 13.25
181316.14 547527.63 12.51
181316.14 547437.63 13.09
181316.14 547347.63 15.44
181316.14 547257.63 14.08
181316.14 547167.63 10.93
181316.14 547077.63 10.00
181316.14 546987.63 10.49
181316.14 546897.63 12.36
181316.14 546807.63 14.00
181316.14 546717.63 14.03
181316.14 546627.63 14.13
181316.14 546537.63 15.01
181316.14 546447.63 17.78
181316.14 546357.63 22.70
181316.14 546267.63 34.29
181316.14 546177.63 50.48
181316.14 546087.63 66.05
181316.14 545997.63 69.99
181316.14 545907.63 71.48
181316.14 545817.63 72.33
181316.14 545727.63 73.14
181316.14 545637.63 64.28
181316.14 545547.63 46.59
181316.14 545457.63 37.03
181316.14 545367.63 38.88
181316.14 545277.63 40.49
181316.14 545187.63 36.04
181316.14 545097.63 29.66
181316.14 545007.63 24.09
181316.14 544917.63 17.22
181406.14 549957.63 8.13
181406.14 549867.63 9.02
181406.14 549777.63 8.52
181406.14 549687.63 9.59
181406.14 549597.63 9.20
181406.14 549507.63 8.63
181406.14 549417.63 8.11
181406.14 549327.63 8.13
181406.14 549237.63 10.94
181406.14 549147.63 9.08
181406.14 549057.63 7.76
181406.14 548967.63 7.62
181406.14 548877.63 8.14
181406.14 548787.63 7.69
181406.14 548697.63 7.23
181406.14 548607.63 7.14
181406.14 548517.63 7.91
181406.14 548427.63 7.93
181406.14 548337.63 8.40
181406.14 548247.63 9.38
181406.14 548157.63 9.62
181406.14 548067.63 11.30
181406.14 547977.63 11.78
181406.14 547887.63 14.61
181406.14 547797.63 16.15
181406.14 547707.63 14.98
181406.14 547617.63 14.03
181406.14 547527.63 14.23
181406.14 547437.63 15.77
181406.14 547347.63 17.35
181406.14 547257.63 16.44
181406.14 547167.63 12.69
181406.14 547077.63 11.37
181406.14 546987.63 12.65
181406.14 546897.63 14.99
181406.14 546807.63 16.55
181406.14 546717.63 16.88
181406.14 546627.63 16.92
181406.14 546537.63 17.79
181406.14 546447.63 20.87
181406.14 546357.63 29.94
181406.14 546267.63 38.44
181406.14 546177.63 54.17
181406.14 546087.63 72.20
181406.14 545997.63 80.57
181406.14 545907.63 80.06
181406.14 545817.63 80.98
181406.14 545727.63 84.78
181406.14 545637.63 71.75
181406.14 545547.63 59.67
181406.14 545457.63 52.25
181406.14 545367.63 59.87
181406.14 545277.63 65.37
181406.14 545187.63 53.08
181406.14 545097.63 37.62
181406.14 545007.63 26.09
181406.14 544917.63 18.46
181406.14 544827.63 17.41
181496.14 549957.63 11.95
181496.14 549867.63 12.87
181496.14 549777.63 9.25
181496.14 549687.63 10.38
181496.14 549597.63 10.28
181496.14 549507.63 9.11
181496.14 549417.63 8.13
181496.14 549327.63 8.52
181496.14 549237.63 11.78
181496.14 549147.63 8.74
181496.14 549057.63 8.33
181496.14 548967.63 7.74
181496.14 548877.63 8.19
181496.14 548787.63 8.16
181496.14 548697.63 8.01
181496.14 548607.63 7.20
181496.14 548517.63 7.90
181496.14 548427.63 8.18
181496.14 548337.63 9.17
181496.14 548247.63 9.33
181496.14 548157.63 9.96
181496.14 548067.63 10.76
181496.14 547977.63 9.10
181496.14 547887.63 10.40
181496.14 547797.63 15.25
181496.14 547707.63 13.50
181496.14 547617.63 13.78
181496.14 547527.63 14.99
181496.14 547437.63 17.61
181496.14 547347.63 18.31
181496.14 547257.63 17.30
181496.14 547167.63 13.93
181496.14 547077.63 13.31
181496.14 546987.63 16.66
181496.14 546897.63 18.91
181496.14 546807.63 20.42
181496.14 546717.63 22.16
181496.14 546627.63 22.79
181496.14 546537.63 23.78
181496.14 546447.63 24.86
181496.14 546357.63 38.43
181496.14 546267.63 45.89
181496.14 546177.63 49.38
181496.14 546087.63 53.37
181496.14 545997.63 58.56
181496.14 545907.63 61.15
181496.14 545817.63 61.36
181496.14 545727.63 68.40
181496.14 545637.63 76.85
181496.14 545547.63 74.55
181496.14 545457.63 67.22
181496.14 545367.63 74.84
181496.14 545277.63 81.63
181496.14 545187.63 65.43
181496.14 545097.63 45.67
181496.14 545007.63 28.30
181496.14 544917.63 19.89
181496.14 544827.63 19.35
181586.14 549867.63 14.10
181586.14 549777.63 9.04
181586.14 549687.63 9.16
181586.14 549597.63 11.11
181586.14 549507.63 9.29
181586.14 549417.63 8.37
181586.14 549327.63 8.48
181586.14 549237.63 9.69
181586.14 549147.63 8.98
181586.14 549057.63 8.39
181586.14 548967.63 7.78
181586.14 548877.63 7.80
181586.14 548787.63 7.99
181586.14 548697.63 8.25
181586.14 548607.63 8.13
181586.14 548517.63 8.52
181586.14 548427.63 8.26
181586.14 548337.63 9.07
181586.14 548247.63 11.28
181586.14 548157.63 11.20
181586.14 548067.63 11.27
181586.14 547977.63 8.78
181586.14 547887.63 9.15
181586.14 547797.63 12.43
181586.14 547707.63 11.57
181586.14 547617.63 12.36
181586.14 547527.63 14.13
181586.14 547437.63 16.04
181586.14 547347.63 17.72
181586.14 547257.63 17.22
181586.14 547167.63 15.28
181586.14 547077.63 14.36
181586.14 546987.63 16.58
181586.14 546897.63 20.58
181586.14 546807.63 23.22
181586.14 546717.63 24.85
181586.14 546627.63 23.95
181586.14 546537.63 26.20
181586.14 546447.63 27.25
181586.14 546357.63 40.59
181586.14 546267.63 56.99
181586.14 546177.63 55.76
181586.14 546087.63 51.63
181586.14 545997.63 46.98
181586.14 545907.63 42.56
181586.14 545817.63 44.04
181586.14 545727.63 51.18
181586.14 545637.63 61.15
181586.14 545547.63 65.03
181586.14 545457.63 54.25
181586.14 545367.63 58.79
181586.14 545277.63 61.06
181586.14 545187.63 51.97
181586.14 545097.63 40.29
181586.14 545007.63 28.19
181586.14 544917.63 20.26
181586.14 544827.63 20.56
181676.14 549867.63 11.19
181676.14 549777.63 8.40
181676.14 549687.63 10.38
181676.14 549597.63 12.32
181676.14 549507.63 9.46
181676.14 549417.63 8.93
181676.14 549327.63 9.03
181676.14 549237.63 9.44
181676.14 549147.63 9.50
181676.14 549057.63 8.07
181676.14 548967.63 8.07
181676.14 548877.63 7.91
181676.14 548787.63 8.17
181676.14 548697.63 8.53
181676.14 548607.63 8.24
181676.14 548517.63 8.87
181676.14 548427.63 8.98
181676.14 548337.63 9.34
181676.14 548247.63 11.77
181676.14 548157.63 10.95
181676.14 548067.63 11.52
181676.14 547977.63 9.40
181676.14 547887.63 9.84
181676.14 547797.63 11.89
181676.14 547707.63 11.88
181676.14 547617.63 12.88
181676.14 547527.63 14.05
181676.14 547437.63 16.33
181676.14 547347.63 18.70
181676.14 547257.63 19.61
181676.14 547167.63 17.38
181676.14 547077.63 16.10
181676.14 546987.63 17.78
181676.14 546897.63 22.74
181676.14 546807.63 27.17
181676.14 546717.63 28.71
181676.14 546627.63 26.93
181676.14 546537.63 30.18
181676.14 546447.63 31.47
181676.14 546357.63 50.04
181676.14 546267.63 61.80
181676.14 546177.63 53.22
181676.14 546087.63 48.35
181676.14 545997.63 42.01
181676.14 545907.63 37.32
181676.14 545817.63 35.84
181676.14 545727.63 36.90
181676.14 545637.63 43.13
181676.14 545547.63 50.77
181676.14 545457.63 43.17
181676.14 545367.63 47.51
181676.14 545277.63 46.74
181676.14 545187.63 36.86
181676.14 545097.63 30.04
181676.14 545007.63 26.23
181676.14 544917.63 21.00
181676.14 544827.63 22.04
181766.14 549777.63 8.18
181766.14 549687.63 9.69
181766.14 549597.63 12.73
181766.14 549507.63 9.45
181766.14 549417.63 8.83
181766.14 549327.63 8.93
181766.14 549237.63 11.92
181766.14 549147.63 11.06
181766.14 549057.63 8.95
181766.14 548967.63 8.87
181766.14 548877.63 8.42
181766.14 548787.63 8.76
181766.14 548697.63 8.43
181766.14 548607.63 8.59
181766.14 548517.63 8.91
181766.14 548427.63 8.83
181766.14 548337.63 9.05
181766.14 548247.63 9.50
181766.14 548157.63 9.21
181766.14 548067.63 11.60
181766.14 547977.63 9.99
181766.14 547887.63 10.20
181766.14 547797.63 12.09
181766.14 547707.63 12.93
181766.14 547617.63 14.27
181766.14 547527.63 14.01
181766.14 547437.63 16.02
181766.14 547347.63 19.08
181766.14 547257.63 20.06
181766.14 547167.63 19.10
181766.14 547077.63 18.71
181766.14 546987.63 20.94
181766.14 546897.63 24.09
181766.14 546807.63 28.83
181766.14 546717.63 30.31
181766.14 546627.63 30.94
181766.14 546537.63 32.52
181766.14 546447.63 34.24
181766.14 546357.63 61.22
181766.14 546267.63 68.26
181766.14 546177.63 64.81
181766.14 546087.63 61.69
181766.14 545997.63 49.89
181766.14 545907.63 38.14
181766.14 545817.63 33.43
181766.14 545727.63 32.45
181766.14 545637.63 33.18
181766.14 545547.63 35.81
181766.14 545457.63 35.27
181766.14 545367.63 40.17
181766.14 545277.63 35.46
181766.14 545187.63 30.20
181766.14 545097.63 26.58
181766.14 545007.63 24.29
181766.14 544917.63 21.88
181766.14 544827.63 22.62
181856.14 549777.63 8.23
181856.14 549687.63 10.98
181856.14 549597.63 11.68
181856.14 549507.63 8.36
181856.14 549417.63 9.40
181856.14 549327.63 9.58
181856.14 549237.63 12.73
181856.14 549147.63 13.16
181856.14 549057.63 10.44
181856.14 548967.63 8.90
181856.14 548877.63 8.96
181856.14 548787.63 9.93
181856.14 548697.63 9.20
181856.14 548607.63 8.61
181856.14 548517.63 9.01
181856.14 548427.63 8.01
181856.14 548337.63 8.68
181856.14 548247.63 9.47
181856.14 548157.63 9.42
181856.14 548067.63 12.01
181856.14 547977.63 9.37
181856.14 547887.63 9.67
181856.14 547797.63 10.82
181856.14 547707.63 12.45
181856.14 547617.63 12.38
181856.14 547527.63 13.21
181856.14 547437.63 15.50
181856.14 547347.63 16.78
181856.14 547257.63 19.20
181856.14 547167.63 20.98
181856.14 547077.63 22.24
181856.14 546987.63 23.70
181856.14 546897.63 26.19
181856.14 546807.63 29.05
181856.14 546717.63 30.27
181856.14 546627.63 29.60
181856.14 546537.63 29.55
181856.14 546447.63 29.88
181856.14 546357.63 50.45
181856.14 546267.63 66.09
181856.14 546177.63 74.12
181856.14 546087.63 75.30
181856.14 545997.63 61.50
181856.14 545907.63 46.83
181856.14 545817.63 36.60
181856.14 545727.63 31.48
181856.14 545637.63 28.23
181856.14 545547.63 29.10
181856.14 545457.63 31.76
181856.14 545367.63 35.89
181856.14 545277.63 36.30
181856.14 545187.63 32.69
181856.14 545097.63 26.80
181856.14 545007.63 24.83
181856.14 544917.63 24.25
181856.14 544827.63 24.29
181946.14 549687.63 10.27
181946.14 549597.63 8.87
181946.14 549507.63 7.93
181946.14 549417.63 9.82
181946.14 549327.63 9.99
181946.14 549237.63 11.28
181946.14 549147.63 13.20
181946.14 549057.63 10.30
181946.14 548967.63 8.50
181946.14 548877.63 8.99
181946.14 548787.63 9.66
181946.14 548697.63 9.43
181946.14 548607.63 8.19
181946.14 548517.63 8.79
181946.14 548427.63 8.25
181946.14 548337.63 8.41
181946.14 548247.63 8.59
181946.14 548157.63 8.64
181946.14 548067.63 11.93
181946.14 547977.63 9.26
181946.14 547887.63 9.25
181946.14 547797.63 10.98
181946.14 547707.63 13.05
181946.14 547617.63 12.93
181946.14 547527.63 13.90
181946.14 547437.63 16.43
181946.14 547347.63 19.10
181946.14 547257.63 22.47
181946.14 547167.63 22.84
181946.14 547077.63 24.49
181946.14 546987.63 25.02
181946.14 546897.63 27.48
181946.14 546807.63 28.99
181946.14 546717.63 28.83
181946.14 546627.63 26.90
181946.14 546537.63 26.38
181946.14 546447.63 24.48
181946.14 546357.63 34.68
181946.14 546267.63 47.76
181946.14 546177.63 61.69
181946.14 546087.63 74.18
181946.14 545997.63 67.23
181946.14 545907.63 58.34
181946.14 545817.63 44.20
181946.14 545727.63 33.80
181946.14 545637.63 26.74
181946.14 545547.63 26.58
181946.14 545457.63 29.80
181946.14 545367.63 32.53
181946.14 545277.63 35.48
181946.14 545187.63 35.22
181946.14 545097.63 28.46
181946.14 545007.63 29.35
181946.14 544917.63 29.65
181946.14 544827.63 28.72
182036.14 549507.63 9.05
182036.14 549417.63 9.62
182036.14 549327.63 8.03
182036.14 549237.63 11.27
182036.14 549147.63 13.43
182036.14 549057.63 10.35
182036.14 548967.63 8.73
182036.14 548877.63 9.15
182036.14 548787.63 8.83
182036.14 548697.63 8.65
182036.14 548607.63 8.56
182036.14 548517.63 8.49
182036.14 548427.63 8.03
182036.14 548337.63 7.93
182036.14 548247.63 8.18
182036.14 548157.63 8.62
182036.14 548067.63 11.53
182036.14 547977.63 10.20
182036.14 547887.63 8.52
182036.14 547797.63 12.39
182036.14 547707.63 13.40
182036.14 547617.63 13.03
182036.14 547527.63 12.78
182036.14 547437.63 14.76
182036.14 547347.63 20.25
182036.14 547257.63 23.01
182036.14 547167.63 22.28
182036.14 547077.63 23.01
182036.14 546987.63 23.22
182036.14 546897.63 28.09
182036.14 546807.63 29.27
182036.14 546717.63 27.59
182036.14 546627.63 24.97
182036.14 546537.63 23.82
182036.14 546447.63 22.65
182036.14 546357.63 25.35
182036.14 546267.63 32.49
182036.14 546177.63 41.89
182036.14 546087.63 51.57
182036.14 545997.63 55.32
182036.14 545907.63 54.77
182036.14 545817.63 45.78
182036.14 545727.63 35.80
182036.14 545637.63 27.19
182036.14 545547.63 26.23
182036.14 545457.63 27.82
182036.14 545367.63 30.57
182036.14 545277.63 34.33
182036.14 545187.63 35.68
182036.14 545097.63 32.59
182036.14 545007.63 33.73
182036.14 544917.63 34.61
182036.14 544827.63 34.94
182126.14 549417.63 13.16
182126.14 549327.63 10.65
182126.14 549237.63 11.71
182126.14 549147.63 13.82
182126.14 549057.63 11.36
182126.14 548967.63 9.42
182126.14 548877.63 9.17
182126.14 548787.63 9.28
182126.14 548697.63 9.21
182126.14 548607.63 9.05
182126.14 548517.63 7.91
182126.14 548427.63 8.06
182126.14 548337.63 8.21
182126.14 548247.63 8.50
182126.14 548157.63 8.65
182126.14 548067.63 11.03
182126.14 547977.63 9.08
182126.14 547887.63 8.70
182126.14 547797.63 9.75
182126.14 547707.63 12.50
182126.14 547617.63 12.39
182126.14 547527.63 12.58
182126.14 547437.63 13.76
182126.14 547347.63 15.68
182126.14 547257.63 17.47
182126.14 547167.63 17.61
182126.14 547077.63 18.91
182126.14 546987.63 20.83
182126.14 546897.63 27.60
182126.14 546807.63 28.83
182126.14 546717.63 27.83
182126.14 546627.63 25.90
182126.14 546537.63 23.80
182126.14 546447.63 22.32
182126.14 546357.63 19.31
182126.14 546267.63 24.77
182126.14 546177.63 27.41
182126.14 546087.63 34.99
182126.14 545997.63 35.96
182126.14 545907.63 34.13
182126.14 545817.63 34.39
182126.14 545727.63 30.05
182126.14 545637.63 26.02
182126.14 545547.63 27.79
182126.14 545457.63 33.80
182126.14 545367.63 37.19
182126.14 545277.63 37.75
182126.14 545187.63 35.10
182126.14 545097.63 34.74
182126.14 545007.63 35.19
182126.14 544917.63 37.05
182126.14 544827.63 38.97
182216.14 549507.63 11.38
182216.14 549417.63 13.87
182216.14 549327.63 14.20
182216.14 549237.63 13.69
182216.14 549147.63 14.61
182216.14 549057.63 12.14
182216.14 548967.63 9.40
182216.14 548877.63 9.43
182216.14 548787.63 9.83
182216.14 548697.63 9.25
182216.14 548607.63 8.58
182216.14 548517.63 8.18
182216.14 548427.63 8.28
182216.14 548337.63 8.68
182216.14 548247.63 9.02
182216.14 548157.63 9.19
182216.14 548067.63 10.20
182216.14 547977.63 9.51
182216.14 547887.63 9.57
182216.14 547797.63 11.42
182216.14 547707.63 12.23
182216.14 547617.63 12.10
182216.14 547527.63 12.19
182216.14 547437.63 12.87
182216.14 547347.63 13.54
182216.14 547257.63 13.74
182216.14 547167.63 13.96
182216.14 547077.63 15.58
182216.14 546987.63 18.63
182216.14 546897.63 24.44
182216.14 546807.63 26.18
182216.14 546717.63 26.14
182216.14 546627.63 26.19
182216.14 546537.63 25.18
182216.14 546447.63 22.49
182216.14 546357.63 19.24
182216.14 546267.63 18.59
182216.14 546177.63 19.44
182216.14 546087.63 23.28
182216.14 545997.63 23.05
182216.14 545907.63 22.64
182216.14 545817.63 21.94
182216.14 545727.63 22.19
182216.14 545637.63 24.43
182216.14 545547.63 29.32
182216.14 545457.63 39.57
182216.14 545367.63 44.44
182216.14 545277.63 45.51
182216.14 545187.63 36.79
182216.14 545097.63 37.02
182216.14 545007.63 39.96
182216.14 544917.63 38.14
182216.14 544827.63 38.34
182306.14 549597.63 10.58
182306.14 549507.63 11.41
182306.14 549417.63 11.92
182306.14 549327.63 14.12
182306.14 549237.63 15.46
182306.14 549147.63 15.26
182306.14 549057.63 12.57
182306.14 548967.63 8.78
182306.14 548877.63 9.13
182306.14 548787.63 9.23
182306.14 548697.63 9.24
182306.14 548607.63 8.66
182306.14 548517.63 8.45
182306.14 548427.63 8.72
182306.14 548337.63 9.40
182306.14 548247.63 9.70
182306.14 548157.63 9.60
182306.14 548067.63 10.59
182306.14 547977.63 10.47
182306.14 547887.63 10.41
182306.14 547797.63 11.59
182306.14 547707.63 12.72
182306.14 547617.63 12.13
182306.14 547527.63 12.16
182306.14 547437.63 12.77
182306.14 547347.63 12.86
182306.14 547257.63 12.60
182306.14 547167.63 13.01
182306.14 547077.63 14.14
182306.14 546987.63 16.45
182306.14 546897.63 18.36
182306.14 546807.63 20.44
182306.14 546717.63 20.74
182306.14 546627.63 21.50
182306.14 546537.63 21.35
182306.14 546447.63 21.24
182306.14 546357.63 19.46
182306.14 546267.63 18.93
182306.14 546177.63 20.85
182306.14 546087.63 20.85
182306.14 545997.63 20.78
182306.14 545907.63 21.20
182306.14 545817.63 22.49
182306.14 545727.63 22.51
182306.14 545637.63 23.99
182306.14 545547.63 26.82
182306.14 545457.63 30.22
182306.14 545367.63 35.72
182306.14 545277.63 47.57
182306.14 545187.63 41.49
182306.14 545097.63 42.75
182306.14 545007.63 53.10
182306.14 544917.63 48.14
182306.14 544827.63 46.79
182396.14 549597.63 9.79
182396.14 549507.63 10.70
182396.14 549417.63 11.26
182396.14 549327.63 12.79
182396.14 549237.63 15.37
182396.14 549147.63 14.84
182396.14 549057.63 14.81
182396.14 548967.63 10.16
182396.14 548877.63 8.27
182396.14 548787.63 8.25
182396.14 548697.63 9.21
182396.14 548607.63 8.85
182396.14 548517.63 8.72
182396.14 548427.63 8.98
182396.14 548337.63 9.65
182396.14 548247.63 10.37
182396.14 548157.63 10.66
182396.14 548067.63 11.71
182396.14 547977.63 11.40
182396.14 547887.63 10.98
182396.14 547797.63 11.65
182396.14 547707.63 11.83
182396.14 547617.63 11.91
182396.14 547527.63 12.18
182396.14 547437.63 12.27
182396.14 547347.63 11.94
182396.14 547257.63 11.89
182396.14 547167.63 12.39
182396.14 547077.63 13.12
182396.14 546987.63 14.28
182396.14 546897.63 14.17
182396.14 546807.63 14.39
182396.14 546717.63 14.62
182396.14 546627.63 14.87
182396.14 546537.63 15.13
182396.14 546447.63 15.79
182396.14 546357.63 17.92
182396.14 546267.63 18.98
182396.14 546177.63 19.38
182396.14 546087.63 19.77
182396.14 545997.63 23.33
182396.14 545907.63 23.29
182396.14 545817.63 23.87
182396.14 545727.63 24.12
182396.14 545637.63 26.38
182396.14 545547.63 32.73
182396.14 545457.63 35.71
182396.14 545367.63 37.75
182396.14 545277.63 48.53
182396.14 545187.63 50.83
182396.14 545097.63 62.29
182396.14 545007.63 75.52
182396.14 544917.63 69.46
182486.14 549687.63 11.46
182486.14 549597.63 10.33
182486.14 549507.63 10.45
182486.14 549417.63 12.54
182486.14 549327.63 14.40
182486.14 549237.63 15.42
182486.14 549147.63 15.01
182486.14 549057.63 14.22
182486.14 548967.63 10.25
182486.14 548877.63 7.67
182486.14 548787.63 8.01
182486.14 548697.63 9.11
182486.14 548607.63 8.95
182486.14 548517.63 8.81
182486.14 548427.63 9.34
182486.14 548337.63 10.22
182486.14 548247.63 11.34
182486.14 548157.63 11.46
182486.14 548067.63 12.08
182486.14 547977.63 11.64
182486.14 547887.63 11.92
182486.14 547797.63 12.12
182486.14 547707.63 11.79
182486.14 547617.63 11.88
182486.14 547527.63 12.01
182486.14 547437.63 12.29
182486.14 547347.63 11.83
182486.14 547257.63 11.85
182486.14 547167.63 12.52
182486.14 547077.63 12.92
182486.14 546987.63 13.67
182486.14 546897.63 14.09
182486.14 546807.63 14.36
182486.14 546717.63 14.69
182486.14 546627.63 14.91
182486.14 546537.63 15.14
182486.14 546447.63 15.16
182486.14 546357.63 16.47
182486.14 546267.63 17.46
182486.14 546177.63 19.21
182486.14 546087.63 23.54
182486.14 545997.63 30.07
182486.14 545907.63 29.05
182486.14 545817.63 31.20
182486.14 545727.63 29.76
182486.14 545637.63 32.47
182486.14 545547.63 45.93
182486.14 545457.63 55.00
182486.14 545367.63 55.61
182486.14 545277.63 48.87
182486.14 545187.63 65.66
182486.14 545097.63 87.57
182486.14 545007.63 89.72
182486.14 544917.63 82.02
182576.14 549777.63 11.59
182576.14 549687.63 12.09
182576.14 549597.63 11.75
182576.14 549507.63 11.79
182576.14 549417.63 12.62
182576.14 549327.63 13.60
182576.14 549237.63 16.33
182576.14 549147.63 16.02
182576.14 549057.63 13.23
182576.14 548967.63 8.23
182576.14 548877.63 7.65
182576.14 548787.63 8.83
182576.14 548697.63 9.46
182576.14 548607.63 9.16
182576.14 548517.63 9.08
182576.14 548427.63 10.02
182576.14 548337.63 11.18
182576.14 548247.63 12.25
182576.14 548157.63 12.67
182576.14 548067.63 12.51
182576.14 547977.63 13.37
182576.14 547887.63 14.01
182576.14 547797.63 12.97
182576.14 547707.63 12.78
182576.14 547617.63 12.48
182576.14 547527.63 12.11
182576.14 547437.63 12.27
182576.14 547347.63 11.71
182576.14 547257.63 12.00
182576.14 547167.63 12.49
182576.14 547077.63 12.92
182576.14 546987.63 13.27
182576.14 546897.63 14.35
182576.14 546807.63 14.34
182576.14 546717.63 14.69
182576.14 546627.63 15.31
182576.14 546537.63 15.42
182576.14 546447.63 15.37
182576.14 546357.63 16.31
182576.14 546267.63 16.58
182576.14 546177.63 21.32
182576.14 546087.63 25.60
182576.14 545997.63 28.29
182576.14 545907.63 30.32
182576.14 545817.63 35.22
182576.14 545727.63 31.44
182576.14 545637.63 35.36
182576.14 545547.63 45.43
182576.14 545457.63 64.21
182576.14 545367.63 71.59
182576.14 545277.63 48.95
182576.14 545187.63 70.65
182576.14 545097.63 90.44
182576.14 545007.63 80.40
182576.14 544917.63 80.45
182666.14 549867.63 11.06
182666.14 549777.63 11.30
182666.14 549687.63 11.86
182666.14 549597.63 12.47
182666.14 549507.63 12.89
182666.14 549417.63 12.87
182666.14 549327.63 12.86
182666.14 549237.63 16.11
182666.14 549147.63 13.95
182666.14 549057.63 9.99
182666.14 548967.63 8.23
182666.14 548877.63 8.88
182666.14 548787.63 9.78
182666.14 548697.63 9.54
182666.14 548607.63 9.69
182666.14 548517.63 9.89
182666.14 548427.63 10.48
182666.14 548337.63 13.00
182666.14 548247.63 13.66
182666.14 548157.63 14.23
182666.14 548067.63 14.05
182666.14 547977.63 16.29
182666.14 547887.63 17.98
182666.14 547797.63 14.16
182666.14 547707.63 13.52
182666.14 547617.63 13.64
182666.14 547527.63 13.38
182666.14 547437.63 12.93
182666.14 547347.63 12.32
182666.14 547257.63 12.26
182666.14 547167.63 12.60
182666.14 547077.63 13.22
182666.14 546987.63 13.77
182666.14 546897.63 14.77
182666.14 546807.63 14.97
182666.14 546717.63 15.24
182666.14 546627.63 15.60
182666.14 546537.63 15.83
182666.14 546447.63 16.02
182666.14 546357.63 16.64
182666.14 546267.63 16.67
182666.14 546177.63 18.11
182666.14 546087.63 18.53
182666.14 545997.63 18.57
182666.14 545907.63 18.47
182666.14 545817.63 24.41
182666.14 545727.63 26.97
182666.14 545637.63 27.59
182666.14 545547.63 34.42
182666.14 545457.63 48.15
182666.14 545367.63 51.64
182666.14 545277.63 40.21
182666.14 545187.63 49.34
182666.14 545097.63 56.60
182666.14 545007.63 54.70
182666.14 544917.63 62.74
182756.14 549867.63 11.32
182756.14 549777.63 11.21
182756.14 549687.63 11.52
182756.14 549597.63 12.55
182756.14 549507.63 13.46
182756.14 549417.63 13.89
182756.14 549327.63 13.28
182756.14 549237.63 11.95
182756.14 549147.63 10.82
182756.14 549057.63 10.85
182756.14 548967.63 9.82
182756.14 548877.63 10.52
182756.14 548787.63 10.58
182756.14 548697.63 9.83
182756.14 548607.63 9.77
182756.14 548517.63 10.13
182756.14 548427.63 11.36
182756.14 548337.63 14.54
182756.14 548247.63 15.39
182756.14 548157.63 16.55
182756.14 548067.63 16.96
182756.14 547977.63 17.94
182756.14 547887.63 20.38
182756.14 547797.63 15.64
182756.14 547707.63 14.56
182756.14 547617.63 15.31
182756.14 547527.63 15.89
182756.14 547437.63 16.52
182756.14 547347.63 14.60
182756.14 547257.63 13.62
182756.14 547167.63 13.57
182756.14 547077.63 14.32
182756.14 546987.63 15.18
182756.14 546897.63 15.88
182756.14 546807.63 16.29
182756.14 546717.63 16.39
182756.14 546627.63 16.49
182756.14 546537.63 16.74
182756.14 546447.63 16.98
182756.14 546357.63 16.95
182756.14 546267.63 16.96
182756.14 546177.63 17.25
182756.14 546087.63 17.27
182756.14 545997.63 18.92
182756.14 545907.63 18.93
182756.14 545817.63 20.76
182756.14 545727.63 27.86
182756.14 545637.63 25.54
182756.14 545547.63 28.79
182756.14 545457.63 32.38
182756.14 545367.63 35.34
182756.14 545277.63 34.31
182756.14 545187.63 35.94
182756.14 545097.63 36.95
182756.14 545007.63 41.94
182756.14 544917.63 58.21
182846.14 549867.63 11.64
182846.14 549777.63 11.69
182846.14 549687.63 11.61
182846.14 549597.63 12.62
182846.14 549507.63 13.62
182846.14 549417.63 14.67
182846.14 549327.63 14.36
182846.14 549237.63 13.28
182846.14 549147.63 13.57
182846.14 549057.63 13.56
182846.14 548967.63 12.09
182846.14 548877.63 11.66
182846.14 548787.63 11.19
182846.14 548697.63 10.18
182846.14 548607.63 9.75
182846.14 548517.63 10.14
182846.14 548427.63 11.35
182846.14 548337.63 12.23
182846.14 548247.63 13.68
182846.14 548157.63 15.85
182846.14 548067.63 17.25
182846.14 547977.63 18.51
182846.14 547887.63 19.78
182846.14 547797.63 18.36
182846.14 547707.63 17.25
182846.14 547617.63 17.59
182846.14 547527.63 19.36
182846.14 547437.63 22.12
182846.14 547347.63 18.12
182846.14 547257.63 16.46
182846.14 547167.63 18.11
182846.14 547077.63 16.65
182846.14 546987.63 17.62
182846.14 546897.63 19.52
182846.14 546807.63 21.52
182846.14 546717.63 19.38
182846.14 546627.63 18.98
182846.14 546537.63 19.96
182846.14 546447.63 20.38
182846.14 546357.63 20.60
182846.14 546267.63 22.01
182846.14 546177.63 20.74
182846.14 546087.63 18.09
182846.14 545997.63 21.28
182846.14 545907.63 21.02
182846.14 545817.63 21.74
182846.14 545727.63 20.81
182846.14 545637.63 22.23
182846.14 545547.63 22.93
182846.14 545457.63 25.22
182846.14 545367.63 27.97
182846.14 545277.63 29.74
182846.14 545187.63 34.33
182846.14 545097.63 41.69
182846.14 545007.63 50.10
182846.14 544917.63 64.47
182936.14 549867.63 11.91
182936.14 549777.63 12.48
182936.14 549687.63 12.91
182936.14 549597.63 13.48
182936.14 549507.63 13.87
182936.14 549417.63 14.62
182936.14 549327.63 15.60
182936.14 549237.63 16.89
182936.14 549147.63 20.08
182936.14 549057.63 16.74
182936.14 548967.63 14.47
182936.14 548877.63 12.78
182936.14 548787.63 11.99
182936.14 548697.63 10.22
182936.14 548607.63 9.68
182936.14 548517.63 10.56
182936.14 548427.63 10.20
182936.14 548337.63 11.24
182936.14 548247.63 12.15
182936.14 548157.63 13.24
182936.14 548067.63 14.47
182936.14 547977.63 16.07
182936.14 547887.63 17.15
182936.14 547797.63 20.07
182936.14 547707.63 19.21
182936.14 547617.63 18.51
182936.14 547527.63 21.90
182936.14 547437.63 23.36
182936.14 547347.63 21.31
182936.14 547257.63 21.12
182936.14 547167.63 25.38
182936.14 547077.63 19.31
182936.14 546987.63 19.45
182936.14 546897.63 23.19
182936.14 546807.63 27.16
182936.14 546717.63 24.02
182936.14 546627.63 22.71
182936.14 546537.63 23.95
182936.14 546447.63 25.52
182936.14 546357.63 28.66
182936.14 546267.63 36.49
182936.14 546177.63 31.88
182936.14 546087.63 27.10
182936.14 545997.63 29.27
182936.14 545907.63 24.28
182936.14 545817.63 23.52
182936.14 545727.63 21.62
182936.14 545637.63 20.19
182936.14 545547.63 20.36
182936.14 545457.63 23.75
182936.14 545367.63 25.78
182936.14 545277.63 26.36
182936.14 545187.63 36.33
182936.14 545097.63 51.27
182936.14 545007.63 64.05
182936.14 544917.63 64.09
183026.14 549867.63 11.65
183026.14 549777.63 12.93
183026.14 549687.63 13.81
183026.14 549597.63 14.37
183026.14 549507.63 14.74
183026.14 549417.63 15.00
183026.14 549327.63 16.48
183026.14 549237.63 19.91
183026.14 549147.63 20.54
183026.14 549057.63 17.56
183026.14 548967.63 16.59
183026.14 548877.63 14.75
183026.14 548787.63 13.64
183026.14 548697.63 11.11
183026.14 548607.63 10.51
183026.14 548517.63 10.85
183026.14 548427.63 10.32
183026.14 548337.63 10.18
183026.14 548247.63 10.93
183026.14 548157.63 11.83
183026.14 548067.63 12.23
183026.14 547977.63 13.79
183026.14 547887.63 14.61
183026.14 547797.63 15.36
183026.14 547707.63 15.79
183026.14 547617.63 15.91
183026.14 547527.63 19.58
183026.14 547437.63 20.23
183026.14 547347.63 21.11
183026.14 547257.63 23.34
183026.14 547167.63 26.90
183026.14 547077.63 22.52
183026.14 546987.63 21.44
183026.14 546897.63 23.97
183026.14 546807.63 25.18
183026.14 546717.63 26.28
183026.14 546627.63 25.24
183026.14 546537.63 25.70
183026.14 546447.63 27.84
183026.14 546357.63 37.43
183026.14 546267.63 49.43
183026.14 546177.63 44.77
183026.14 546087.63 38.49
183026.14 545997.63 36.88
183026.14 545907.63 26.12
183026.14 545817.63 24.71
183026.14 545727.63 29.83
183026.14 545637.63 27.11
183026.14 545547.63 24.59
183026.14 545457.63 24.48
183026.14 545367.63 24.84
183026.14 545277.63 25.23
183026.14 545187.63 27.48
183026.14 545097.63 36.83
183026.14 545007.63 53.20
183026.14 544917.63 48.42
183116.14 549867.63 11.27
183116.14 549777.63 12.74
183116.14 549687.63 14.10
183116.14 549597.63 14.90
183116.14 549507.63 15.44
183116.14 549417.63 15.81
183116.14 549327.63 16.98
183116.14 549237.63 19.29
183116.14 549147.63 18.28
183116.14 549057.63 16.77
183116.14 548967.63 14.80
183116.14 548877.63 13.14
183116.14 548787.63 13.12
183116.14 548697.63 12.49
183116.14 548607.63 12.07
183116.14 548517.63 11.58
183116.14 548427.63 11.69
183116.14 548337.63 10.39
183116.14 548247.63 10.35
183116.14 548157.63 10.93
183116.14 548067.63 11.41
183116.14 547977.63 12.14
183116.14 547887.63 12.86
183116.14 547797.63 14.48
183116.14 547707.63 14.82
183116.14 547617.63 15.40
183116.14 547527.63 15.94
183116.14 547437.63 16.99
183116.14 547347.63 18.19
183116.14 547257.63 21.12
183116.14 547167.63 25.04
183116.14 547077.63 25.54
183116.14 546987.63 24.50
183116.14 546897.63 27.23
183116.14 546807.63 31.50
183116.14 546717.63 29.38
183116.14 546627.63 31.17
183116.14 546537.63 35.68
183116.14 546447.63 33.77
183116.14 546357.63 48.51
183116.14 546267.63 52.36
183116.14 546177.63 50.07
183116.14 546087.63 43.79
183116.14 545997.63 31.32
183116.14 545907.63 26.00
183116.14 545817.63 27.67
183116.14 545727.63 32.28
183116.14 545637.63 31.36
183116.14 545547.63 27.17
183116.14 545457.63 25.64
183116.14 545367.63 25.86
183116.14 545277.63 25.94
183116.14 545187.63 25.74
183116.14 545097.63 28.89
183116.14 545007.63 36.95
183116.14 544917.63 37.91
183206.14 549777.63 11.50
183206.14 549687.63 13.15
183206.14 549597.63 14.88
183206.14 549507.63 15.62
183206.14 549417.63 15.91
183206.14 549327.63 17.21
183206.14 549237.63 18.05
183206.14 549147.63 17.84
183206.14 549057.63 15.19
183206.14 548967.63 13.66
183206.14 548877.63 12.02
183206.14 548787.63 12.61
183206.14 548697.63 13.26
183206.14 548607.63 12.85
183206.14 548517.63 13.40
183206.14 548427.63 11.90
183206.14 548337.63 11.69
183206.14 548247.63 11.24
183206.14 548157.63 10.93
183206.14 548067.63 11.54
183206.14 547977.63 12.36
183206.14 547887.63 12.75
183206.14 547797.63 14.37
183206.14 547707.63 14.89
183206.14 547617.63 15.28
183206.14 547527.63 15.80
183206.14 547437.63 16.43
183206.14 547347.63 17.27
183206.14 547257.63 18.74
183206.14 547167.63 21.43
183206.14 547077.63 23.62
183206.14 546987.63 25.94
183206.14 546897.63 29.17
183206.14 546807.63 42.12
183206.14 546717.63 36.52
183206.14 546627.63 42.07
183206.14 546537.63 56.64
183206.14 546447.63 47.51
183206.14 546357.63 55.91
183206.14 546267.63 49.79
183206.14 546177.63 38.77
183206.14 546087.63 33.03
183206.14 545997.63 26.75
183206.14 545907.63 26.57
183206.14 545817.63 31.97
183206.14 545727.63 34.63
183206.14 545637.63 31.87
183206.14 545547.63 28.74
183206.14 545457.63 27.18
183206.14 545367.63 27.41
183206.14 545277.63 27.15
183206.14 545187.63 27.02
183206.14 545097.63 27.42
183206.14 545007.63 27.96
183206.14 544917.63 31.33
183296.14 549777.63 10.34
183296.14 549687.63 11.02
183296.14 549597.63 14.00
183296.14 549507.63 15.34
183296.14 549417.63 16.26
183296.14 549327.63 17.35
183296.14 549237.63 17.84
183296.14 549147.63 20.83
183296.14 549057.63 18.91
183296.14 548967.63 18.00
183296.14 548877.63 16.47
183296.14 548787.63 16.66
183296.14 548697.63 16.71
183296.14 548607.63 14.66
183296.14 548517.63 13.02
183296.14 548427.63 12.12
183296.14 548337.63 12.21
183296.14 548247.63 12.13
183296.14 548157.63 12.68
183296.14 548067.63 11.92
183296.14 547977.63 12.12
183296.14 547887.63 12.91
183296.14 547797.63 14.50
183296.14 547707.63 15.07
183296.14 547617.63 15.89
183296.14 547527.63 16.83
183296.14 547437.63 17.31
183296.14 547347.63 17.62
183296.14 547257.63 18.28
183296.14 547167.63 19.64
183296.14 547077.63 20.52
183296.14 546987.63 25.78
183296.14 546897.63 28.16
183296.14 546807.63 38.05
183296.14 546717.63 39.95
183296.14 546627.63 57.01
183296.14 546537.63 68.37
183296.14 546447.63 65.08
183296.14 546357.63 65.65
183296.14 546267.63 53.43
183296.14 546177.63 39.23
183296.14 546087.63 29.76
183296.14 545997.63 26.98
183296.14 545907.63 28.36
183296.14 545817.63 33.91
183296.14 545727.63 36.31
183296.14 545637.63 31.88
183296.14 545547.63 29.68
183296.14 545457.63 28.68
183296.14 545367.63 28.82
183296.14 545277.63 28.56
183296.14 545187.63 28.33
183296.14 545097.63 32.19
183296.14 545007.63 32.87
183296.14 544917.63 30.29
183386.14 549777.63 11.13
183386.14 549687.63 10.36
183386.14 549597.63 13.98
183386.14 549507.63 16.28
183386.14 549417.63 17.40
183386.14 549327.63 16.71
183386.14 549237.63 18.71
183386.14 549147.63 21.31
183386.14 549057.63 22.51
183386.14 548967.63 21.64
183386.14 548877.63 20.14
183386.14 548787.63 20.36
183386.14 548697.63 18.88
183386.14 548607.63 15.59
183386.14 548517.63 12.72
183386.14 548427.63 12.60
183386.14 548337.63 13.05
183386.14 548247.63 13.31
183386.14 548157.63 13.91
183386.14 548067.63 13.63
183386.14 547977.63 12.68
183386.14 547887.63 12.66
183386.14 547797.63 15.29
183386.14 547707.63 15.99
183386.14 547617.63 18.33
183386.14 547527.63 20.65
183386.14 547437.63 21.28
183386.14 547347.63 20.95
183386.14 547257.63 21.02
183386.14 547167.63 20.99
183386.14 547077.63 21.18
183386.14 546987.63 25.55
183386.14 546897.63 26.87
183386.14 546807.63 26.25
183386.14 546717.63 30.65
183386.14 546627.63 57.70
183386.14 546537.63 59.17
183386.14 546447.63 70.64
183386.14 546357.63 66.06
183386.14 546267.63 62.15
183386.14 546177.63 46.82
183386.14 546087.63 31.87
183386.14 545997.63 27.99
183386.14 545907.63 30.46
183386.14 545817.63 35.04
183386.14 545727.63 36.63
183386.14 545637.63 32.89
183386.14 545547.63 30.89
183386.14 545457.63 30.44
183386.14 545367.63 33.80
183386.14 545277.63 30.94
183386.14 545187.63 30.23
183386.14 545097.63 41.47
183386.14 545007.63 42.51
183386.14 544917.63 33.81
183476.14 549777.63 11.06
183476.14 549687.63 11.03
183476.14 549597.63 14.34
183476.14 549507.63 17.02
183476.14 549417.63 17.11
183476.14 549327.63 15.64
183476.14 549237.63 17.09
183476.14 549147.63 17.07
183476.14 549057.63 20.69
183476.14 548967.63 21.32
183476.14 548877.63 17.52
183476.14 548787.63 16.12
183476.14 548697.63 15.47
183476.14 548607.63 14.33
183476.14 548517.63 13.11
183476.14 548427.63 13.87
183476.14 548337.63 14.10
183476.14 548247.63 16.03
183476.14 548157.63 15.65
183476.14 548067.63 13.95
183476.14 547977.63 14.02
183476.14 547887.63 13.24
183476.14 547797.63 16.41
183476.14 547707.63 17.59
183476.14 547617.63 20.85
183476.14 547527.63 24.48
183476.14 547437.63 26.25
183476.14 547347.63 25.67
183476.14 547257.63 25.13
183476.14 547167.63 24.69
183476.14 547077.63 23.50
183476.14 546987.63 28.21
183476.14 546897.63 30.57
183476.14 546807.63 29.11
183476.14 546717.63 26.84
183476.14 546627.63 37.60
183476.14 546537.63 46.39
183476.14 546447.63 50.99
183476.14 546357.63 52.66
183476.14 546267.63 54.39
183476.14 546177.63 40.57
183476.14 546087.63 31.44
183476.14 545997.63 30.03
183476.14 545907.63 32.63
183476.14 545817.63 35.89
183476.14 545727.63 37.53
183476.14 545637.63 33.76
183476.14 545547.63 32.97
183476.14 545457.63 34.23
183476.14 545367.63 45.90
183476.14 545277.63 39.61
183476.14 545187.63 33.44
183476.14 545097.63 40.25
183476.14 545007.63 49.18
183476.14 544917.63 40.68
183566.14 549687.63 9.62
183566.14 549597.63 11.29
183566.14 549507.63 13.55
183566.14 549417.63 14.71
183566.14 549327.63 13.37
183566.14 549237.63 15.02
183566.14 549147.63 19.35
183566.14 549057.63 22.09
183566.14 548967.63 23.27
183566.14 548877.63 17.15
183566.14 548787.63 14.94
183566.14 548697.63 16.85
183566.14 548607.63 17.70
183566.14 548517.63 15.58
183566.14 548427.63 15.56
183566.14 548337.63 16.02
183566.14 548247.63 17.22
183566.14 548157.63 18.00
183566.14 548067.63 17.31
183566.14 547977.63 15.90
183566.14 547887.63 15.95
183566.14 547797.63 16.57
183566.14 547707.63 17.55
183566.14 547617.63 19.92
183566.14 547527.63 23.46
183566.14 547437.63 25.26
183566.14 547347.63 25.11
183566.14 547257.63 25.93
183566.14 547167.63 27.90
183566.14 547077.63 29.64
183566.14 546987.63 32.81
183566.14 546897.63 38.36
183566.14 546807.63 34.56
183566.14 546717.63 28.96
183566.14 546627.63 28.38
183566.14 546537.63 35.22
183566.14 546447.63 34.26
183566.14 546357.63 42.93
183566.14 546267.63 39.88
183566.14 546177.63 34.43
183566.14 546087.63 30.90
183566.14 545997.63 30.57
183566.14 545907.63 33.68
183566.14 545817.63 36.98
183566.14 545727.63 42.35
183566.14 545637.63 37.50
183566.14 545547.63 36.27
183566.14 545457.63 42.08
183566.14 545367.63 56.46
183566.14 545277.63 51.27
183566.14 545187.63 39.10
183566.14 545097.63 37.71
183566.14 545007.63 48.16
183566.14 544917.63 48.11
183656.14 549687.63 7.25
183656.14 549597.63 10.04
183656.14 549507.63 11.14
183656.14 549417.63 12.49
183656.14 549327.63 11.95
183656.14 549237.63 16.03
183656.14 549147.63 25.15
183656.14 549057.63 24.32
183656.14 548967.63 20.64
183656.14 548877.63 16.86
183656.14 548787.63 16.70
183656.14 548697.63 20.88
183656.14 548607.63 21.84
183656.14 548517.63 20.58
183656.14 548427.63 18.55
183656.14 548337.63 18.92
183656.14 548247.63 17.98
183656.14 548157.63 24.30
183656.14 548067.63 24.19
183656.14 547977.63 21.87
183656.14 547887.63 19.71
183656.14 547797.63 16.10
183656.14 547707.63 15.74
183656.14 547617.63 16.92
183656.14 547527.63 18.98
183656.14 547437.63 20.44
183656.14 547347.63 21.75
183656.14 547257.63 24.30
183656.14 547167.63 28.87
183656.14 547077.63 38.32
183656.14 546987.63 35.52
183656.14 546897.63 44.62
183656.14 546807.63 41.45
183656.14 546717.63 32.33
183656.14 546627.63 29.52
183656.14 546537.63 29.70
183656.14 546447.63 32.66
183656.14 546357.63 48.32
183656.14 546267.63 40.30
183656.14 546177.63 36.12
183656.14 546087.63 35.09
183656.14 545997.63 32.77
183656.14 545907.63 34.70
183656.14 545817.63 39.70
183656.14 545727.63 53.24
183656.14 545637.63 43.28
183656.14 545547.63 42.54
183656.14 545457.63 50.51
183656.14 545367.63 66.80
183656.14 545277.63 56.32
183656.14 545187.63 45.78
183656.14 545097.63 41.66
183656.14 545007.63 41.66
183656.14 544917.63 52.21
183746.14 549687.63 8.41
183746.14 549597.63 9.86
183746.14 549507.63 10.44
183746.14 549417.63 13.38
183746.14 549327.63 13.82
183746.14 549237.63 15.91
183746.14 549147.63 22.46
183746.14 549057.63 24.81
183746.14 548967.63 21.17
183746.14 548877.63 18.43
183746.14 548787.63 21.02
183746.14 548697.63 24.86
183746.14 548607.63 26.20
183746.14 548517.63 24.37
183746.14 548427.63 20.77
183746.14 548337.63 19.35
183746.14 548247.63 20.58
183746.14 548157.63 35.84
183746.14 548067.63 34.97
183746.14 547977.63 27.47
183746.14 547887.63 24.28
183746.14 547797.63 18.96
183746.14 547707.63 16.32
183746.14 547617.63 16.37
183746.14 547527.63 18.22
183746.14 547437.63 20.00
183746.14 547347.63 22.28
183746.14 547257.63 28.38
183746.14 547167.63 35.02
183746.14 547077.63 42.75
183746.14 546987.63 48.87
183746.14 546897.63 59.50
183746.14 546807.63 51.28
183746.14 546717.63 37.11
183746.14 546627.63 31.40
183746.14 546537.63 30.67
183746.14 546447.63 33.14
183746.14 546357.63 46.19
183746.14 546267.63 45.75
183746.14 546177.63 43.49
183746.14 546087.63 41.87
183746.14 545997.63 35.06
183746.14 545907.63 37.20
183746.14 545817.63 50.14
183746.14 545727.63 66.40
183746.14 545637.63 47.93
183746.14 545547.63 49.54
183746.14 545457.63 59.57
183746.14 545367.63 74.20
183746.14 545277.63 62.70
183746.14 545187.63 49.33
183746.14 545097.63 42.66
183746.14 545007.63 43.75
183746.14 544917.63 50.64
183836.14 549597.63 11.44
183836.14 549507.63 11.76
183836.14 549417.63 16.26
183836.14 549327.63 16.33
183836.14 549237.63 17.57
183836.14 549147.63 19.31
183836.14 549057.63 23.40
183836.14 548967.63 21.70
183836.14 548877.63 20.53
183836.14 548787.63 24.12
183836.14 548697.63 29.47
183836.14 548607.63 31.13
183836.14 548517.63 28.12
183836.14 548427.63 22.90
183836.14 548337.63 19.73
183836.14 548247.63 20.19
183836.14 548157.63 37.22
183836.14 548067.63 44.79
183836.14 547977.63 33.02
183836.14 547887.63 28.91
183836.14 547797.63 22.91
183836.14 547707.63 17.94
183836.14 547617.63 16.67
183836.14 547527.63 18.40
183836.14 547437.63 21.10
183836.14 547347.63 24.77
183836.14 547257.63 39.67
183836.14 547167.63 49.95
183836.14 547077.63 55.03
183836.14 546987.63 71.13
183836.14 546897.63 73.86
183836.14 546807.63 57.14
183836.14 546717.63 41.07
183836.14 546627.63 33.90
183836.14 546537.63 32.85
183836.14 546447.63 34.44
183836.14 546357.63 43.15
183836.14 546267.63 52.83
183836.14 546177.63 49.11
183836.14 546087.63 43.21
183836.14 545997.63 36.91
183836.14 545907.63 37.24
183836.14 545817.63 56.55
183836.14 545727.63 75.54
183836.14 545637.63 53.65
183836.14 545547.63 57.07
183836.14 545457.63 79.68
183836.14 545367.63 83.23
183836.14 545277.63 70.76
183836.14 545187.63 52.07
183836.14 545097.63 45.69
183836.14 545007.63 53.01
183836.14 544917.63 47.48
183926.14 549597.63 12.39
183926.14 549507.63 12.35
183926.14 549417.63 13.26
183926.14 549327.63 16.11
183926.14 549237.63 21.43
183926.14 549147.63 23.44
183926.14 549057.63 24.13
183926.14 548967.63 23.32
183926.14 548877.63 23.16
183926.14 548787.63 26.57
183926.14 548697.63 30.97
183926.14 548607.63 32.25
183926.14 548517.63 35.30
183926.14 548427.63 27.16
183926.14 548337.63 21.74
183926.14 548247.63 20.41
183926.14 548157.63 24.46
183926.14 548067.63 30.52
183926.14 547977.63 34.21
183926.14 547887.63 31.80
183926.14 547797.63 24.01
183926.14 547707.63 19.15
183926.14 547617.63 17.90
183926.14 547527.63 18.98
183926.14 547437.63 21.65
183926.14 547347.63 28.58
183926.14 547257.63 49.63
183926.14 547167.63 57.37
183926.14 547077.63 66.21
183926.14 546987.63 81.78
183926.14 546897.63 75.13
183926.14 546807.63 59.06
183926.14 546717.63 43.27
183926.14 546627.63 36.62
183926.14 546537.63 35.51
183926.14 546447.63 37.17
183926.14 546357.63 44.53
183926.14 546267.63 54.95
183926.14 546177.63 51.50
183926.14 546087.63 46.04
183926.14 545997.63 39.20
183926.14 545907.63 38.29
183926.14 545817.63 49.51
183926.14 545727.63 72.48
183926.14 545637.63 61.87
183926.14 545547.63 64.54
183926.14 545457.63 83.64
183926.14 545367.63 86.92
183926.14 545277.63 80.08
183926.14 545187.63 59.08
183926.14 545097.63 52.02
183926.14 545007.63 61.82
183926.14 544917.63 53.51
184016.14 549597.63 12.94
184016.14 549507.63 12.49
184016.14 549417.63 12.98
184016.14 549327.63 17.46
184016.14 549237.63 27.43
184016.14 549147.63 30.55
184016.14 549057.63 26.66
184016.14 548967.63 25.64
184016.14 548877.63 25.20
184016.14 548787.63 30.53
184016.14 548697.63 32.11
184016.14 548607.63 33.04
184016.14 548517.63 34.75
184016.14 548427.63 25.50
184016.14 548337.63 23.79
184016.14 548247.63 21.97
184016.14 548157.63 21.97
184016.14 548067.63 23.50
184016.14 547977.63 32.82
184016.14 547887.63 32.01
184016.14 547797.63 23.10
184016.14 547707.63 19.88
184016.14 547617.63 18.66
184016.14 547527.63 19.32
184016.14 547437.63 21.45
184016.14 547347.63 30.07
184016.14 547257.63 49.60
184016.14 547167.63 42.71
184016.14 547077.63 53.08
184016.14 546987.63 65.42
184016.14 546897.63 66.96
184016.14 546807.63 56.93
184016.14 546717.63 47.01
184016.14 546627.63 40.52
184016.14 546537.63 38.94
184016.14 546447.63 42.26
184016.14 546357.63 53.70
184016.14 546267.63 67.15
184016.14 546177.63 62.21
184016.14 546087.63 57.18
184016.14 545997.63 43.57
184016.14 545907.63 41.51
184016.14 545817.63 49.24
184016.14 545727.63 66.29
184016.14 545637.63 73.91
184016.14 545547.63 71.21
184016.14 545457.63 84.93
184016.14 545367.63 87.57
184016.14 545277.63 79.35
184016.14 545187.63 60.57
184016.14 545097.63 60.27
184016.14 545007.63 71.05
184106.14 549597.63 13.20
184106.14 549507.63 13.98
184106.14 549417.63 15.19
184106.14 549327.63 19.38
184106.14 549237.63 31.27
184106.14 549147.63 34.19
184106.14 549057.63 28.02
184106.14 548967.63 26.50
184106.14 548877.63 25.87
184106.14 548787.63 31.28
184106.14 548697.63 33.42
184106.14 548607.63 35.17
184106.14 548517.63 33.73
184106.14 548427.63 28.28
184106.14 548337.63 26.37
184106.14 548247.63 23.88
184106.14 548157.63 23.00
184106.14 548067.63 23.80
184106.14 547977.63 29.89
184106.14 547887.63 33.16
184106.14 547797.63 24.99
184106.14 547707.63 21.24
184106.14 547617.63 19.94
184106.14 547527.63 19.98
184106.14 547437.63 20.55
184106.14 547347.63 24.02
184106.14 547257.63 33.93
184106.14 547167.63 32.89
184106.14 547077.63 40.82
184106.14 546987.63 54.68
184106.14 546897.63 67.62
184106.14 546807.63 62.16
184106.14 546717.63 54.03
184106.14 546627.63 45.47
184106.14 546537.63 43.56
184106.14 546447.63 52.44
184106.14 546357.63 61.96
184106.14 546267.63 75.73
184106.14 546177.63 72.94
184106.14 546087.63 58.86
184106.14 545997.63 45.46
184106.14 545907.63 44.02
184106.14 545817.63 50.31
184106.14 545727.63 60.52
184106.14 545637.63 81.21
184106.14 545547.63 82.87
184106.14 545457.63 87.81
184106.14 545367.63 88.85
184106.14 545277.63 79.03
184106.14 545187.63 62.13
184106.14 545097.63 69.26
184106.14 545007.63 82.03
184196.14 549507.63 15.61
184196.14 549417.63 17.30
184196.14 549327.63 19.11
184196.14 549237.63 28.26
184196.14 549147.63 31.52
184196.14 549057.63 28.16
184196.14 548967.63 26.68
184196.14 548877.63 25.76
184196.14 548787.63 31.55
184196.14 548697.63 35.77
184196.14 548607.63 40.12
184196.14 548517.63 38.44
184196.14 548427.63 32.76
184196.14 548337.63 30.33
184196.14 548247.63 27.26
184196.14 548157.63 24.76
184196.14 548067.63 24.86
184196.14 547977.63 27.50
184196.14 547887.63 31.81
184196.14 547797.63 27.29
184196.14 547707.63 22.39
184196.14 547617.63 21.25
184196.14 547527.63 21.03
184196.14 547437.63 20.97
184196.14 547347.63 22.19
184196.14 547257.63 24.02
184196.14 547167.63 26.72
184196.14 547077.63 37.37
184196.14 546987.63 56.81
184196.14 546897.63 70.75
184196.14 546807.63 64.03
184196.14 546717.63 56.35
184196.14 546627.63 51.07
184196.14 546537.63 49.10
184196.14 546447.63 61.75
184196.14 546357.63 67.59
184196.14 546267.63 80.91
184196.14 546177.63 68.83
184196.14 546087.63 55.93
184196.14 545997.63 47.04
184196.14 545907.63 46.74
184196.14 545817.63 52.50
184196.14 545727.63 57.12
184196.14 545637.63 79.21
184196.14 545547.63 92.00
184196.14 545457.63 96.80
184196.14 545367.63 96.68
184196.14 545277.63 85.18
184196.14 545187.63 68.86
184196.14 545097.63 84.05
184196.14 545007.63 94.39
184286.14 549507.63 18.49
184286.14 549417.63 19.55
184286.14 549327.63 21.02
184286.14 549237.63 22.75
184286.14 549147.63 26.34
184286.14 549057.63 27.40
184286.14 548967.63 26.26
184286.14 548877.63 24.95
184286.14 548787.63 31.37
184286.14 548697.63 35.42
184286.14 548607.63 41.09
184286.14 548517.63 37.10
184286.14 548427.63 33.08
184286.14 548337.63 31.46
184286.14 548247.63 30.80
184286.14 548157.63 29.02
184286.14 548067.63 31.43
184286.14 547977.63 30.03
184286.14 547887.63 30.94
184286.14 547797.63 27.70
184286.14 547707.63 24.18
184286.14 547617.63 23.08
184286.14 547527.63 22.31
184286.14 547437.63 21.98
184286.14 547347.63 22.63
184286.14 547257.63 24.40
184286.14 547167.63 27.38
184286.14 547077.63 39.14
184286.14 546987.63 53.38
184286.14 546897.63 72.49
184286.14 546807.63 75.47
184286.14 546717.63 69.80
184286.14 546627.63 64.27
184286.14 546537.63 62.30
184286.14 546447.63 70.32
184286.14 546357.63 86.24
184286.14 546267.63 88.07
184286.14 546177.63 74.01
184286.14 546087.63 60.33
184286.14 545997.63 52.60
184286.14 545907.63 54.37
184286.14 545817.63 61.48
184286.14 545727.63 65.99
184286.14 545637.63 78.64
184286.14 545547.63 94.40
184286.14 545457.63 113.52
184286.14 545367.63 109.64
184286.14 545277.63 90.16
184286.14 545187.63 77.71
184286.14 545097.63 93.87
184286.14 545007.63 93.98
184376.14 549507.63 27.48
184376.14 549417.63 28.23
184376.14 549327.63 27.05
184376.14 549237.63 23.96
184376.14 549147.63 25.47
184376.14 549057.63 25.54
184376.14 548967.63 24.57
184376.14 548877.63 23.38
184376.14 548787.63 29.34
184376.14 548697.63 31.98
184376.14 548607.63 34.89
184376.14 548517.63 30.71
184376.14 548427.63 29.14
184376.14 548337.63 29.48
184376.14 548247.63 31.38
184376.14 548157.63 31.88
184376.14 548067.63 38.51
184376.14 547977.63 36.88
184376.14 547887.63 39.75
184376.14 547797.63 33.73
184376.14 547707.63 28.83
184376.14 547617.63 27.40
184376.14 547527.63 24.95
184376.14 547437.63 23.73
184376.14 547347.63 23.69
184376.14 547257.63 26.35
184376.14 547167.63 31.00
184376.14 547077.63 44.90
184376.14 546987.63 58.99
184376.14 546897.63 79.02
184376.14 546807.63 99.22
184376.14 546717.63 97.14
184376.14 546627.63 85.63
184376.14 546537.63 88.38
184376.14 546447.63 100.89
184376.14 546357.63 102.46
184376.14 546267.63 87.02
184376.14 546177.63 81.16
184376.14 546087.63 69.92
184376.14 545997.63 63.11
184376.14 545907.63 69.01
184376.14 545817.63 75.29
184376.14 545727.63 80.77
184376.14 545637.63 83.13
184376.14 545547.63 96.61
184376.14 545457.63 120.23
184376.14 545367.63 106.89
184376.14 545277.63 87.29
184376.14 545187.63 74.96
184376.14 545097.63 81.82
184376.14 545007.63 74.95
184466.14 549417.63 42.02
184466.14 549327.63 39.57
184466.14 549237.63 31.76
184466.14 549147.63 28.69
184466.14 549057.63 24.44
184466.14 548967.63 22.75
184466.14 548877.63 21.60
184466.14 548787.63 29.05
184466.14 548697.63 31.51
184466.14 548607.63 33.08
184466.14 548517.63 25.64
184466.14 548427.63 25.40
184466.14 548337.63 25.06
184466.14 548247.63 24.80
184466.14 548157.63 25.74
184466.14 548067.63 31.52
184466.14 547977.63 38.35
184466.14 547887.63 46.38
184466.14 547797.63 38.97
184466.14 547707.63 35.47
184466.14 547617.63 33.70
184466.14 547527.63 28.00
184466.14 547437.63 25.90
184466.14 547347.63 26.66
184466.14 547257.63 28.94
184466.14 547167.63 33.20
184466.14 547077.63 48.87
184466.14 546987.63 61.39
184466.14 546897.63 81.61
184466.14 546807.63 104.13
184466.14 546717.63 111.91
184466.14 546627.63 99.65
184466.14 546537.63 99.47
184466.14 546447.63 104.70
184466.14 546357.63 91.83
184466.14 546267.63 75.90
184466.14 546177.63 67.64
184466.14 546087.63 60.45
184466.14 545997.63 61.76
184466.14 545907.63 69.22
184466.14 545817.63 72.77
184466.14 545727.63 74.45
184466.14 545637.63 89.92
184466.14 545547.63 106.88
184466.14 545457.63 124.88
184466.14 545367.63 110.77
184466.14 545277.63 85.84
184466.14 545187.63 66.74
184466.14 545097.63 64.76
184466.14 545007.63 70.48
184556.14 549417.63 56.55
184556.14 549327.63 45.96
184556.14 549237.63 37.02
184556.14 549147.63 32.14
184556.14 549057.63 22.34
184556.14 548967.63 19.53
184556.14 548877.63 19.24
184556.14 548787.63 25.08
184556.14 548697.63 28.58
184556.14 548607.63 29.57
184556.14 548517.63 21.95
184556.14 548427.63 23.44
184556.14 548337.63 21.96
184556.14 548247.63 21.28
184556.14 548157.63 23.01
184556.14 548067.63 26.47
184556.14 547977.63 32.09
184556.14 547887.63 40.82
184556.14 547797.63 46.85
184556.14 547707.63 44.34
184556.14 547617.63 39.04
184556.14 547527.63 30.92
184556.14 547437.63 28.73
184556.14 547347.63 30.38
184556.14 547257.63 36.25
184556.14 547167.63 35.49
184556.14 547077.63 50.20
184556.14 546987.63 63.24
184556.14 546897.63 87.47
184556.14 546807.63 111.59
184556.14 546717.63 117.31
184556.14 546627.63 104.03
184556.14 546537.63 92.59
184556.14 546447.63 82.53
184556.14 546357.63 75.21
184556.14 546267.63 69.23
184556.14 546177.63 51.55
184556.14 546087.63 48.39
184556.14 545997.63 52.10
184556.14 545907.63 58.60
184556.14 545817.63 66.21
184556.14 545727.63 80.14
184556.14 545637.63 100.48
184556.14 545547.63 113.31
184556.14 545457.63 106.56
184556.14 545367.63 98.95
184556.14 545277.63 76.71
184556.14 545187.63 60.02
184556.14 545097.63 55.68
184556.14 545007.63 67.40
184646.14 549327.63 38.40
184646.14 549237.63 27.06
184646.14 549147.63 22.67
184646.14 549057.63 19.36
184646.14 548967.63 18.01
184646.14 548877.63 17.48
184646.14 548787.63 17.47
184646.14 548697.63 21.84
184646.14 548607.63 25.44
184646.14 548517.63 19.44
184646.14 548427.63 20.85
184646.14 548337.63 19.39
184646.14 548247.63 20.12
184646.14 548157.63 23.16
184646.14 548067.63 27.57
184646.14 547977.63 32.76
184646.14 547887.63 46.71
184646.14 547797.63 52.91
184646.14 547707.63 43.66
184646.14 547617.63 37.73
184646.14 547527.63 33.13
184646.14 547437.63 35.04
184646.14 547347.63 35.50
184646.14 547257.63 40.02
184646.14 547167.63 36.50
184646.14 547077.63 46.29
184646.14 546987.63 62.32
184646.14 546897.63 81.78
184646.14 546807.63 101.26
184646.14 546717.63 111.99
184646.14 546627.63 107.18
184646.14 546537.63 91.66
184646.14 546447.63 74.67
184646.14 546357.63 62.29
184646.14 546267.63 55.20
184646.14 546177.63 44.23
184646.14 546087.63 42.97
184646.14 545997.63 50.06
184646.14 545907.63 60.06
184646.14 545817.63 70.11
184646.14 545727.63 84.05
184646.14 545637.63 108.46
184646.14 545547.63 108.60
184646.14 545457.63 86.72
184646.14 545367.63 82.23
184646.14 545277.63 70.40
184646.14 545187.63 54.25
184646.14 545097.63 49.92
184646.14 545007.63 58.55
184736.14 549147.63 20.36
184736.14 549057.63 19.76
184736.14 548967.63 19.04
184736.14 548877.63 18.00
184736.14 548787.63 16.08
184736.14 548697.63 17.32
184736.14 548607.63 17.89
184736.14 548517.63 17.05
184736.14 548427.63 17.49
184736.14 548337.63 18.78
184736.14 548247.63 22.84
184736.14 548157.63 26.93
184736.14 548067.63 30.48
184736.14 547977.63 32.91
184736.14 547887.63 44.92
184736.14 547797.63 59.59
184736.14 547707.63 48.50
184736.14 547617.63 43.43
184736.14 547527.63 42.07
184736.14 547437.63 49.31
184736.14 547347.63 45.17
184736.14 547257.63 34.82
184736.14 547167.63 35.00
184736.14 547077.63 48.85
184736.14 546987.63 61.93
184736.14 546897.63 82.68
184736.14 546807.63 84.03
184736.14 546717.63 100.07
184736.14 546627.63 108.81
184736.14 546537.63 94.05
184736.14 546447.63 72.78
184736.14 546357.63 51.68
184736.14 546267.63 43.70
184736.14 546177.63 40.22
184736.14 546087.63 40.43
184736.14 545997.63 46.64
184736.14 545907.63 62.43
184736.14 545817.63 68.37
184736.14 545727.63 73.59
184736.14 545637.63 90.97
184736.14 545547.63 96.31
184736.14 545457.63 79.94
184736.14 545367.63 63.02
184736.14 545277.63 56.77
184736.14 545187.63 47.52
184736.14 545097.63 43.85
184736.14 545007.63 46.82
184826.14 548607.63 15.29
184826.14 548517.63 15.79
184826.14 548427.63 16.97
184826.14 548337.63 20.58
184826.14 548247.63 25.24
184826.14 548157.63 27.59
184826.14 548067.63 30.48
184826.14 547977.63 31.77
184826.14 547887.63 33.44
184826.14 547797.63 53.22
184826.14 547707.63 47.38
184826.14 547617.63 42.54
184826.14 547527.63 53.69
184826.14 547437.63 58.58
184826.14 547347.63 47.04
184826.14 547257.63 32.08
184826.14 547167.63 32.78
184826.14 547077.63 49.02
184826.14 546987.63 55.25
184826.14 546897.63 64.76
184826.14 546807.63 69.98
184826.14 546717.63 85.37
184826.14 546627.63 89.04
184826.14 546537.63 74.27
184826.14 546447.63 58.25
184826.14 546357.63 49.15
184826.14 546267.63 43.19
184826.14 546177.63 39.32
184826.14 546087.63 38.76
184826.14 545997.63 43.58
184826.14 545907.63 58.70
184826.14 545817.63 56.36
184826.14 545727.63 57.38
184826.14 545637.63 73.19
184826.14 545547.63 76.69
184826.14 545457.63 69.81
184826.14 545367.63 55.79
184826.14 545277.63 48.91
184826.14 545187.63 44.39
184826.14 545097.63 40.30
184826.14 545007.63 38.09
184916.14 547887.63 28.44
184916.14 547797.63 38.75
184916.14 547707.63 36.59
184916.14 547617.63 34.22
184916.14 547527.63 47.31
184916.14 547437.63 52.24
184916.14 547347.63 37.53
184916.14 547257.63 28.68
184916.14 547167.63 32.64
184916.14 547077.63 40.04
184916.14 546987.63 45.55
184916.14 546897.63 47.26
184916.14 546807.63 57.73
184916.14 546717.63 64.21
184916.14 546627.63 64.88
184916.14 546537.63 64.85
184916.14 546447.63 53.91
184916.14 546357.63 40.46
184916.14 546267.63 41.50
184916.14 546177.63 39.22
184916.14 546087.63 38.71
184916.14 545997.63 38.47
184916.14 545907.63 41.45
184916.14 545817.63 42.35
184916.14 545727.63 46.64
184916.14 545637.63 58.10
184916.14 545547.63 68.93
184916.14 545457.63 61.12
184916.14 545367.63 56.93
184916.14 545277.63 52.19
184916.14 545187.63 48.23
184916.14 545097.63 42.92
185006.14 547077.63 31.89
185006.14 546987.63 35.34
185006.14 546897.63 35.88
185006.14 546807.63 41.47
185006.14 546717.63 42.84
185006.14 546627.63 46.97
185006.14 546537.63 54.34
185006.14 546447.63 51.16
185006.14 546357.63 42.20
185006.14 546267.63 39.92
185006.14 546177.63 38.13
185006.14 546087.63 38.33
185006.14 545997.63 36.88
185006.14 545907.63 36.51
185006.14 545817.63 38.40
185006.14 545727.63 39.99
185006.14 545637.63 52.37
185006.14 545547.63 71.21
185006.14 545457.63 65.02
185006.14 545367.63 70.46
185006.14 545277.63 61.80
185006.14 545187.63 55.09
185006.14 545097.63 55.62
185096.14 546357.63 47.24
185096.14 546267.63 47.13
185096.14 546177.63 41.84
185096.14 546087.63 37.45
185096.14 545997.63 35.84
185096.14 545907.63 35.30
185096.14 545817.63 34.63
185096.14 545727.63 35.42
185096.14 545637.63 51.20
185096.14 545547.63 70.01
185096.14 545457.63 60.63
185096.14 545367.63 68.32
185096.14 545277.63 58.70
185096.14 545187.63 53.82
185186.14 545547.63 63.38
185186.14 545457.63 51.26
