176755.23 543113.16 22.89
176755.23 543023.16 24.44
176845.23 543383.16 17.68
176845.23 543293.16 19.03
176845.23 543203.16 20.77
176845.23 543113.16 22.50
176845.23 543023.16 24.42
176845.23 542933.16 26.84
176845.23 542843.16 25.44
176935.23 543383.16 16.70
176935.23 543293.16 18.70
176935.23 543203.16 20.04
176935.23 543113.16 21.37
176935.23 543023.16 23.81
176935.23 542933.16 24.43
176935.23 542843.16 22.70
176935.23 542753.16 21.49
177025.23 543473.16 15.35
177025.23 543383.16 17.00
177025.23 543293.16 17.85
177025.23 543203.16 19.71
177025.23 543113.16 21.53
177025.23 543023.16 22.47
177025.23 542933.16 21.65
177025.23 542843.16 20.20
177025.23 542753.16 20.07
177025.23 542663.16 22.21
177115.23 543473.16 15.54
177115.23 543383.16 16.90
177115.23 543293.16 17.35
177115.23 543203.16 18.87
177115.23 543113.16 19.64
177115.23 543023.16 19.05
177115.23 542933.16 18.39
177115.23 542843.16 17.36
177115.23 542753.16 18.69
177115.23 542663.16 19.76
177115.23 542573.16 21.82
177205.23 543563.16 13.93
177205.23 543473.16 14.84
177205.23 543383.16 15.64
177205.23 543293.16 16.32
177205.23 543203.16 17.34
177205.23 543113.16 16.98
177205.23 543023.16 16.03
177205.23 542933.16 16.12
177205.23 542843.16 15.97
177205.23 542753.16 17.73
177205.23 542663.16 19.12
177205.23 542573.16 21.22
177205.23 542483.16 22.30
177295.23 543563.16 13.34
177295.23 543473.16 13.66
177295.23 543383.16 13.99
177295.23 543293.16 15.42
177295.23 543203.16 15.99
177295.23 543113.16 15.16
177295.23 543023.16 14.61
177295.23 542933.16 15.16
177295.23 542843.16 15.37
177295.23 542753.16 17.90
177295.23 542663.16 19.26
177295.23 542573.16 20.36
177295.23 542483.16 20.88
177385.23 543563.16 13.33
177385.23 543473.16 13.21
177385.23 543383.16 14.06
177385.23 543293.16 14.67
177385.23 543203.16 15.02
177385.23 543113.16 14.66
177385.23 543023.16 14.71
177385.23 542933.16 14.93
177385.23 542843.16 15.13
177385.23 542753.16 16.89
177385.23 542663.16 18.21
177385.23 542573.16 18.97
177385.23 542483.16 19.92
177385.23 542393.16 22.65
177475.23 543473.16 13.74
177475.23 543383.16 14.89
177475.23 543293.16 14.21
177475.23 543203.16 14.04
177475.23 543113.16 14.21
177475.23 543023.16 14.39
177475.23 542933.16 14.64
177475.23 542843.16 14.98
177475.23 542753.16 15.93
177475.23 542663.16 18.07
177475.23 542573.16 18.69
177475.23 542483.16 20.47
177475.23 542393.16 22.96
177475.23 542303.16 25.26
177565.23 543473.16 13.99
177565.23 543383.16 14.62
177565.23 543293.16 13.89
177565.23 543203.16 13.35
177565.23 543113.16 14.64
177565.23 543023.16 15.02
177565.23 542933.16 14.61
177565.23 542843.16 14.69
177565.23 542753.16 15.10
177565.23 542663.16 15.88
177565.23 542573.16 16.94
177565.23 542483.16 18.60
177565.23 542393.16 20.65
177565.23 542303.16 22.27
177565.23 542213.16 24.20
177655.23 543473.16 13.71
177655.23 543383.16 14.03
177655.23 543293.16 13.92
177655.23 543203.16 13.10
177655.23 543113.16 14.54
177655.23 543023.16 14.70
177655.23 542933.16 14.43
177655.23 542843.16 14.70
177655.23 542753.16 14.99
177655.23 542663.16 14.65
177655.23 542573.16 15.64
177655.23 542483.16 16.59
177655.23 542393.16 17.58
177655.23 542303.16 20.22
177655.23 542213.16 21.18
177745.23 543473.16 13.79
177745.23 543383.16 13.96
177745.23 543293.16 14.01
177745.23 543203.16 13.02
177745.23 543113.16 18.66
177745.23 543023.16 13.73
177745.23 542933.16 13.31
177745.23 542843.16 14.16
177745.23 542753.16 15.35
177745.23 542663.16 15.25
177745.23 542573.16 15.70
177745.23 542483.16 16.17
177745.23 542393.16 16.64
177745.23 542303.16 18.07
177745.23 542213.16 20.13
177745.23 542123.16 20.73
177835.23 543473.16 13.68
177835.23 543383.16 14.00
177835.23 543293.16 13.81
177835.23 543203.16 13.35
177835.23 543113.16 17.02
177835.23 543023.16 14.53
177835.23 542933.16 14.75
177835.23 542843.16 14.21
177835.23 542753.16 15.42
177835.23 542663.16 15.80
177835.23 542573.16 16.16
177835.23 542483.16 16.77
177835.23 542393.16 16.95
177835.23 542303.16 17.29
177835.23 542213.16 20.69
177835.23 542123.16 21.31
177835.23 542033.16 20.80
177925.23 543473.16 13.10
177925.23 543383.16 13.46
177925.23 543293.16 13.55
177925.23 543203.16 13.80
177925.23 543113.16 15.03
177925.23 543023.16 15.21
177925.23 542933.16 15.92
177925.23 542843.16 15.27
177925.23 542753.16 15.65
177925.23 542663.16 15.64
177925.23 542573.16 16.07
177925.23 542483.16 17.22
177925.23 542393.16 18.73
177925.23 542303.16 18.82
177925.23 542213.16 20.82
177925.23 542123.16 21.76
177925.23 542033.16 23.38
177925.23 541943.16 23.25
178015.23 543473.16 12.67
178015.23 543383.16 13.39
178015.23 543293.16 13.49
178015.23 543203.16 14.30
178015.23 543113.16 16.07
178015.23 543023.16 16.38
178015.23 542933.16 16.84
178015.23 542843.16 16.47
178015.23 542753.16 16.88
178015.23 542663.16 17.01
178015.23 542573.16 16.13
178015.23 542483.16 19.13
178015.23 542393.16 20.54
178015.23 542303.16 20.83
178015.23 542213.16 21.85
178015.23 542123.16 23.57
178015.23 542033.16 25.13
178015.23 541943.16 25.96
178105.23 543473.16 12.64
178105.23 543383.16 12.85
178105.23 543293.16 13.27
178105.23 543203.16 14.84
178105.23 543113.16 17.58
178105.23 543023.16 18.01
178105.23 542933.16 17.15
178105.23 542843.16 17.28
178105.23 542753.16 17.98
178105.23 542663.16 18.67
178105.23 542573.16 19.93
178105.23 542483.16 21.85
178105.23 542393.16 22.90
178105.23 542303.16 23.00
178105.23 542213.16 23.57
178105.23 542123.16 26.97
178105.23 542033.16 28.84
178105.23 541943.16 29.73
178105.23 541853.16 29.28
178195.23 543473.16 12.01
178195.23 543383.16 12.16
178195.23 543293.16 13.15
178195.23 543203.16 15.02
178195.23 543113.16 18.83
178195.23 543023.16 21.12
178195.23 542933.16 19.94
178195.23 542843.16 20.90
178195.23 542753.16 19.79
178195.23 542663.16 20.12
178195.23 542573.16 22.15
178195.23 542483.16 27.13
178195.23 542393.16 25.18
178195.23 542303.16 24.40
178195.23 542213.16 27.90
178195.23 542123.16 31.25
178195.23 542033.16 33.98
178195.23 541943.16 33.23
178195.23 541853.16 32.64
178195.23 541763.16 32.07
178285.23 543473.16 12.20
178285.23 543383.16 12.72
178285.23 543293.16 13.58
178285.23 543203.16 14.83
178285.23 543113.16 19.70
178285.23 543023.16 23.65
178285.23 542933.16 28.13
178285.23 542843.16 29.66
178285.23 542753.16 23.60
178285.23 542663.16 21.80
178285.23 542573.16 21.96
178285.23 542483.16 29.15
178285.23 542393.16 28.48
178285.23 542303.16 29.22
178285.23 542213.16 31.27
178285.23 542123.16 34.36
178285.23 542033.16 39.96
178285.23 541943.16 40.45
178285.23 541853.16 41.50
178285.23 541763.16 44.18
178285.23 541673.16 39.35
178375.23 543383.16 13.10
178375.23 543293.16 13.64
178375.23 543203.16 14.60
178375.23 543113.16 19.56
178375.23 543023.16 26.41
178375.23 542933.16 31.71
178375.23 542843.16 29.97
178375.23 542753.16 26.56
178375.23 542663.16 22.96
178375.23 542573.16 23.14
178375.23 542483.16 29.11
178375.23 542393.16 30.90
178375.23 542303.16 41.86
178375.23 542213.16 39.72
178375.23 542123.16 40.72
178375.23 542033.16 48.44
178375.23 541943.16 54.13
178375.23 541853.16 63.10
178375.23 541763.16 62.58
178375.23 541673.16 49.00
178465.23 543383.16 13.26
178465.23 543293.16 13.83
178465.23 543203.16 13.98
178465.23 543113.16 18.68
178465.23 543023.16 23.88
178465.23 542933.16 27.61
178465.23 542843.16 23.52
178465.23 542753.16 23.76
178465.23 542663.16 24.05
178465.23 542573.16 25.43
178465.23 542483.16 29.22
178465.23 542393.16 35.11
178465.23 542303.16 47.17
178465.23 542213.16 53.81
178465.23 542123.16 59.72
178465.23 542033.16 64.04
178465.23 541943.16 75.58
178465.23 541853.16 90.29
178465.23 541763.16 78.80
178465.23 541673.16 71.43
178465.23 541583.16 51.10
178555.23 543383.16 13.86
178555.23 543293.16 14.44
178555.23 543203.16 14.72
178555.23 543113.16 17.23
178555.23 543023.16 18.51
178555.23 542933.16 20.24
178555.23 542843.16 19.13
178555.23 542753.16 20.85
178555.23 542663.16 23.09
178555.23 542573.16 29.16
178555.23 542483.16 39.89
178555.23 542393.16 49.88
178555.23 542303.16 55.83
178555.23 542213.16 73.69
178555.23 542123.16 86.98
178555.23 542033.16 101.37
178555.23 541943.16 110.81
178555.23 541853.16 105.52
178555.23 541763.16 89.82
178555.23 541673.16 75.99
178555.23 541583.16 57.64
178555.23 541493.16 55.81
178645.23 543383.16 14.16
178645.23 543293.16 14.80
178645.23 543203.16 16.00
178645.23 543113.16 17.29
178645.23 543023.16 18.46
178645.23 542933.16 18.16
178645.23 542843.16 18.69
178645.23 542753.16 20.69
178645.23 542663.16 21.91
178645.23 542573.16 26.46
178645.23 542483.16 35.42
178645.23 542393.16 44.58
178645.23 542303.16 50.17
178645.23 542213.16 71.04
178645.23 542123.16 83.18
178645.23 542033.16 117.52
178645.23 541943.16 129.71
178645.23 541853.16 111.16
178645.23 541763.16 90.18
178645.23 541673.16 80.20
178645.23 541583.16 65.38
178645.23 541493.16 61.45
178645.23 541403.16 74.73
178735.23 543383.16 14.31
178735.23 543293.16 14.99
178735.23 543203.16 16.30
178735.23 543113.16 17.59
178735.23 543023.16 19.17
178735.23 542933.16 18.87
178735.23 542843.16 19.45
178735.23 542753.16 21.60
178735.23 542663.16 23.49
178735.23 542573.16 26.45
178735.23 542483.16 30.16
178735.23 542393.16 34.17
178735.23 542303.16 42.03
178735.23 542213.16 55.64
178735.23 542123.16 72.10
178735.23 542033.16 111.92
178735.23 541943.16 125.90
178735.23 541853.16 113.94
178735.23 541763.16 89.46
178735.23 541673.16 79.28
178735.23 541583.16 72.45
178735.23 541493.16 70.18
178735.23 541403.16 87.84
178825.23 543383.16 14.61
178825.23 543293.16 15.11
178825.23 543203.16 16.17
178825.23 543113.16 17.37
178825.23 543023.16 19.29
178825.23 542933.16 19.45
178825.23 542843.16 19.82
178825.23 542753.16 22.40
178825.23 542663.16 25.03
178825.23 542573.16 26.86
178825.23 542483.16 29.98
178825.23 542393.16 31.14
178825.23 542303.16 37.96
178825.23 542213.16 47.93
178825.23 542123.16 65.03
178825.23 542033.16 96.34
178825.23 541943.16 124.51
178825.23 541853.16 114.63
178825.23 541763.16 97.27
178825.23 541673.16 81.98
178825.23 541583.16 74.75
178825.23 541493.16 76.69
178825.23 541403.16 94.95
178825.23 541313.16 123.32
178915.23 543383.16 15.64
178915.23 543293.16 15.51
178915.23 543203.16 16.13
178915.23 543113.16 16.89
178915.23 543023.16 19.56
178915.23 542933.16 20.14
178915.23 542843.16 20.10
178915.23 542753.16 22.62
178915.23 542663.16 24.74
178915.23 542573.16 25.72
178915.23 542483.16 29.06
178915.23 542393.16 31.54
178915.23 542303.16 36.05
178915.23 542213.16 44.21
178915.23 542123.16 55.69
178915.23 542033.16 85.94
178915.23 541943.16 119.85
178915.23 541853.16 127.64
178915.23 541763.16 109.55
178915.23 541673.16 94.45
178915.23 541583.16 84.56
178915.23 541493.16 85.34
178915.23 541403.16 97.77
178915.23 541313.16 143.26
178915.23 541223.16 162.00
179005.23 543383.16 17.14
179005.23 543293.16 17.16
179005.23 543203.16 16.78
179005.23 543113.16 16.88
179005.23 543023.16 19.45
179005.23 542933.16 20.27
179005.23 542843.16 20.29
179005.23 542753.16 22.48
179005.23 542663.16 23.94
179005.23 542573.16 26.00
179005.23 542483.16 29.03
179005.23 542393.16 31.25
179005.23 542303.16 35.56
179005.23 542213.16 41.25
179005.23 542123.16 48.06
179005.23 542033.16 82.43
179005.23 541943.16 109.37
179005.23 541853.16 130.39
179005.23 541763.16 120.19
179005.23 541673.16 107.63
179005.23 541583.16 96.68
179005.23 541493.16 96.80
179005.23 541403.16 106.27
179005.23 541313.16 151.58
179005.23 541223.16 167.14
179005.23 541133.16 149.11
179095.23 543383.16 19.51
179095.23 543293.16 19.45
179095.23 543203.16 19.33
179095.23 543113.16 18.42
179095.23 543023.16 19.13
179095.23 542933.16 20.10
179095.23 542843.16 20.16
179095.23 542753.16 22.58
179095.23 542663.16 23.50
179095.23 542573.16 25.15
179095.23 542483.16 27.00
179095.23 542393.16 28.84
179095.23 542303.16 33.29
179095.23 542213.16 37.41
179095.23 542123.16 43.72
179095.23 542033.16 73.87
179095.23 541943.16 92.23
179095.23 541853.16 119.26
179095.23 541763.16 122.23
179095.23 541673.16 112.26
179095.23 541583.16 107.17
179095.23 541493.16 109.56
179095.23 541403.16 124.72
179095.23 541313.16 157.11
179095.23 541223.16 175.29
179095.23 541133.16 155.72
179185.23 543383.16 18.07
179185.23 543293.16 18.46
179185.23 543203.16 20.35
179185.23 543113.16 20.46
179185.23 543023.16 19.27
179185.23 542933.16 21.98
179185.23 542843.16 22.54
179185.23 542753.16 23.42
179185.23 542663.16 24.10
179185.23 542573.16 24.58
179185.23 542483.16 26.26
179185.23 542393.16 28.75
179185.23 542303.16 32.40
179185.23 542213.16 38.12
179185.23 542123.16 42.13
179185.23 542033.16 69.45
179185.23 541943.16 89.48
179185.23 541853.16 109.54
179185.23 541763.16 124.94
179185.23 541673.16 124.01
179185.23 541583.16 123.99
179185.23 541493.16 126.04
179185.23 541403.16 135.99
179185.23 541313.16 174.78
179185.23 541223.16 189.56
179185.23 541133.16 166.40
179185.23 541043.16 153.48
179275.23 543293.16 16.91
179275.23 543203.16 18.69
179275.23 543113.16 19.38
179275.23 543023.16 19.44
179275.23 542933.16 22.53
179275.23 542843.16 23.25
179275.23 542753.16 25.42
179275.23 542663.16 27.32
179275.23 542573.16 30.17
179275.23 542483.16 36.08
179275.23 542393.16 37.99
179275.23 542303.16 36.61
179275.23 542213.16 41.47
179275.23 542123.16 48.90
179275.23 542033.16 92.34
179275.23 541943.16 105.84
179275.23 541853.16 114.59
179275.23 541763.16 133.75
179275.23 541673.16 147.91
179275.23 541583.16 158.57
179275.23 541493.16 164.93
179275.23 541403.16 168.32
179275.23 541313.16 197.02
179275.23 541223.16 193.94
179275.23 541133.16 180.57
179275.23 541043.16 164.68
179275.23 540953.16 177.21
179365.23 543293.16 16.54
179365.23 543203.16 17.47
179365.23 543113.16 18.56
179365.23 543023.16 19.36
179365.23 542933.16 22.12
179365.23 542843.16 22.87
179365.23 542753.16 26.76
179365.23 542663.16 29.38
179365.23 542573.16 32.49
179365.23 542483.16 40.33
179365.23 542393.16 43.72
179365.23 542303.16 44.96
179365.23 542213.16 45.86
179365.23 542123.16 52.42
179365.23 542033.16 93.94
179365.23 541943.16 111.11
179365.23 541853.16 116.06
179365.23 541763.16 127.54
179365.23 541673.16 144.25
179365.23 541583.16 167.59
179365.23 541493.16 183.96
179365.23 541403.16 194.97
179365.23 541313.16 192.80
179365.23 541223.16 178.27
179365.23 541133.16 166.40
179365.23 541043.16 152.68
179365.23 540953.16 166.74
179455.23 543293.16 16.43
179455.23 543203.16 17.17
179455.23 543113.16 18.17
179455.23 543023.16 19.47
179455.23 542933.16 22.44
179455.23 542843.16 23.37
179455.23 542753.16 26.71
179455.23 542663.16 28.57
179455.23 542573.16 31.63
179455.23 542483.16 37.67
179455.23 542393.16 40.82
179455.23 542303.16 45.13
179455.23 542213.16 48.87
179455.23 542123.16 56.08
179455.23 542033.16 85.66
179455.23 541943.16 100.24
179455.23 541853.16 101.69
179455.23 541763.16 116.80
179455.23 541673.16 131.79
179455.23 541583.16 147.54
179455.23 541493.16 165.09
179455.23 541403.16 184.72
179455.23 541313.16 176.59
179455.23 541223.16 158.81
179455.23 541133.16 140.33
179455.23 541043.16 131.35
179455.23 540953.16 143.52
179545.23 543293.16 15.93
179545.23 543203.16 17.23
179545.23 543113.16 17.76
179545.23 543023.16 18.86
179545.23 542933.16 22.14
179545.23 542843.16 23.11
179545.23 542753.16 27.27
179545.23 542663.16 28.86
179545.23 542573.16 31.73
179545.23 542483.16 36.88
179545.23 542393.16 38.32
179545.23 542303.16 42.40
179545.23 542213.16 47.21
179545.23 542123.16 52.86
179545.23 542033.16 80.30
179545.23 541943.16 81.25
179545.23 541853.16 85.94
179545.23 541763.16 100.87
179545.23 541673.16 112.01
179545.23 541583.16 128.49
179545.23 541493.16 142.05
179545.23 541403.16 170.45
179545.23 541313.16 156.32
179545.23 541223.16 142.29
179545.23 541133.16 127.63
179545.23 541043.16 112.36
179545.23 540953.16 119.92
179545.23 540863.16 118.16
179635.23 543293.16 16.44
179635.23 543203.16 18.10
179635.23 543113.16 20.65
179635.23 543023.16 20.91
179635.23 542933.16 22.03
179635.23 542843.16 22.99
179635.23 542753.16 27.66
179635.23 542663.16 29.64
179635.23 542573.16 32.76
179635.23 542483.16 35.06
179635.23 542393.16 38.60
179635.23 542303.16 42.15
179635.23 542213.16 47.82
179635.23 542123.16 52.88
179635.23 542033.16 69.48
179635.23 541943.16 77.20
179635.23 541853.16 89.62
179635.23 541763.16 100.13
179635.23 541673.16 109.29
179635.23 541583.16 122.68
179635.23 541493.16 133.37
179635.23 541403.16 150.01
179635.23 541313.16 132.47
179635.23 541223.16 116.22
179635.23 541133.16 108.18
179635.23 541043.16 95.93
179635.23 540953.16 97.85
179635.23 540863.16 96.71
179725.23 543293.16 16.91
179725.23 543203.16 18.35
179725.23 543113.16 20.12
179725.23 543023.16 22.73
179725.23 542933.16 22.94
179725.23 542843.16 23.79
179725.23 542753.16 27.19
179725.23 542663.16 30.26
179725.23 542573.16 34.30
179725.23 542483.16 40.80
179725.23 542393.16 45.98
179725.23 542303.16 51.27
179725.23 542213.16 56.41
179725.23 542123.16 60.76
179725.23 542033.16 71.09
179725.23 541943.16 87.61
179725.23 541853.16 107.11
179725.23 541763.16 120.25
179725.23 541673.16 129.72
179725.23 541583.16 130.03
179725.23 541493.16 136.68
179725.23 541403.16 151.51
179725.23 541313.16 123.45
179725.23 541223.16 103.56
179725.23 541133.16 92.42
179725.23 541043.16 83.95
179725.23 540953.16 81.21
179725.23 540863.16 79.11
179815.23 543293.16 17.40
179815.23 543203.16 18.01
179815.23 543113.16 18.96
179815.23 543023.16 20.82
179815.23 542933.16 21.35
179815.23 542843.16 22.95
179815.23 542753.16 26.76
179815.23 542663.16 32.35
179815.23 542573.16 39.02
179815.23 542483.16 47.24
179815.23 542393.16 54.81
179815.23 542303.16 58.77
179815.23 542213.16 63.81
179815.23 542123.16 65.98
179815.23 542033.16 79.21
179815.23 541943.16 89.63
179815.23 541853.16 101.69
179815.23 541763.16 114.31
179815.23 541673.16 124.87
179815.23 541583.16 139.63
179815.23 541493.16 154.86
179815.23 541403.16 156.61
179815.23 541313.16 127.83
179815.23 541223.16 108.10
179815.23 541133.16 88.90
179815.23 541043.16 78.83
179815.23 540953.16 75.44
179815.23 540863.16 71.31
179815.23 540773.16 68.25
179905.23 543293.16 21.86
179905.23 543203.16 19.75
179905.23 543113.16 19.21
179905.23 543023.16 19.92
179905.23 542933.16 20.70
179905.23 542843.16 22.84
179905.23 542753.16 28.22
179905.23 542663.16 36.48
179905.23 542573.16 44.12
179905.23 542483.16 49.14
179905.23 542393.16 57.17
179905.23 542303.16 61.16
179905.23 542213.16 65.92
179905.23 542123.16 66.79
179905.23 542033.16 76.14
179905.23 541943.16 78.92
179905.23 541853.16 84.48
179905.23 541763.16 95.81
179905.23 541673.16 104.14
179905.23 541583.16 129.88
179905.23 541493.16 146.54
179905.23 541403.16 150.22
179905.23 541313.16 116.98
179905.23 541223.16 99.91
179905.23 541133.16 86.59
179905.23 541043.16 79.08
179905.23 540953.16 76.06
179905.23 540863.16 72.28
179905.23 540773.16 68.05
179995.23 543293.16 23.80
179995.23 543203.16 25.51
179995.23 543113.16 25.73
179995.23 543023.16 26.34
179995.23 542933.16 23.79
179995.23 542843.16 24.52
179995.23 542753.16 29.88
179995.23 542663.16 34.88
179995.23 542573.16 39.32
179995.23 542483.16 43.36
179995.23 542393.16 48.88
179995.23 542303.16 51.23
179995.23 542213.16 53.98
179995.23 542123.16 53.68
179995.23 542033.16 59.56
179995.23 541943.16 64.15
179995.23 541853.16 72.84
179995.23 541763.16 81.17
179995.23 541673.16 94.23
179995.23 541583.16 113.13
179995.23 541493.16 130.92
179995.23 541403.16 146.96
179995.23 541313.16 114.79
179995.23 541223.16 102.64
179995.23 541133.16 102.90
179995.23 541043.16 95.35
179995.23 540953.16 98.00
179995.23 540863.16 87.79
179995.23 540773.16 79.73
180085.23 543293.16 22.84
180085.23 543203.16 25.69
180085.23 543113.16 28.13
180085.23 543023.16 28.16
180085.23 542933.16 28.30
180085.23 542843.16 26.34
180085.23 542753.16 30.21
180085.23 542663.16 32.08
180085.23 542573.16 34.23
180085.23 542483.16 38.10
180085.23 542393.16 40.87
180085.23 542303.16 42.23
180085.23 542213.16 43.45
180085.23 542123.16 44.86
180085.23 542033.16 52.59
180085.23 541943.16 62.30
180085.23 541853.16 73.38
180085.23 541763.16 81.88
180085.23 541673.16 102.96
180085.23 541583.16 124.92
180085.23 541493.16 138.30
180085.23 541403.16 161.21
180085.23 541313.16 124.87
180085.23 541223.16 123.84
180085.23 541133.16 136.93
180085.23 541043.16 122.73
180085.23 540953.16 115.47
180085.23 540863.16 92.77
180085.23 540773.16 89.64
180175.23 543203.16 24.55
180175.23 543113.16 27.54
180175.23 543023.16 29.01
180175.23 542933.16 31.22
180175.23 542843.16 28.41
180175.23 542753.16 29.42
180175.23 542663.16 30.70
180175.23 542573.16 32.74
180175.23 542483.16 35.17
180175.23 542393.16 36.25
180175.23 542303.16 38.04
180175.23 542213.16 40.08
180175.23 542123.16 43.47
180175.23 542033.16 52.75
180175.23 541943.16 61.83
180175.23 541853.16 75.54
180175.23 541763.16 96.07
180175.23 541673.16 119.42
180175.23 541583.16 147.08
180175.23 541493.16 167.01
180175.23 541403.16 186.82
180175.23 541313.16 149.45
180175.23 541223.16 150.06
180175.23 541133.16 169.43
180175.23 541043.16 150.34
180175.23 540953.16 119.96
180175.23 540863.16 100.84
180175.23 540773.16 110.03
180175.23 540683.16 112.22
180265.23 543203.16 25.89
180265.23 543113.16 27.34
180265.23 543023.16 27.72
180265.23 542933.16 27.44
180265.23 542843.16 26.50
180265.23 542753.16 28.44
180265.23 542663.16 29.71
180265.23 542573.16 30.88
180265.23 542483.16 32.75
180265.23 542393.16 34.09
180265.23 542303.16 36.08
180265.23 542213.16 38.62
180265.23 542123.16 43.30
180265.23 542033.16 54.65
180265.23 541943.16 67.92
180265.23 541853.16 86.45
180265.23 541763.16 111.60
180265.23 541673.16 130.41
180265.23 541583.16 150.29
180265.23 541493.16 177.85
180265.23 541403.16 203.37
180265.23 541313.16 184.00
180265.23 541223.16 185.86
180265.23 541133.16 176.75
180265.23 541043.16 148.39
180265.23 540953.16 133.56
180265.23 540863.16 120.77
180265.23 540773.16 129.96
180265.23 540683.16 128.89
180355.23 543203.16 25.68
180355.23 543113.16 26.14
180355.23 543023.16 24.25
180355.23 542933.16 23.42
180355.23 542843.16 24.42
180355.23 542753.16 27.77
180355.23 542663.16 29.29
180355.23 542573.16 29.87
180355.23 542483.16 31.88
180355.23 542393.16 33.91
180355.23 542303.16 35.73
180355.23 542213.16 38.78
180355.23 542123.16 43.07
180355.23 542033.16 53.46
180355.23 541943.16 66.08
180355.23 541853.16 84.63
180355.23 541763.16 103.23
180355.23 541673.16 121.25
180355.23 541583.16 146.48
180355.23 541493.16 176.47
180355.23 541403.16 200.56
180355.23 541313.16 183.93
180355.23 541223.16 191.99
180355.23 541133.16 188.45
180355.23 541043.16 158.68
180355.23 540953.16 162.30
180355.23 540863.16 147.41
180355.23 540773.16 149.66
180355.23 540683.16 151.16
180445.23 543203.16 24.00
180445.23 543113.16 23.43
180445.23 543023.16 22.21
180445.23 542933.16 22.02
180445.23 542843.16 23.74
180445.23 542753.16 27.03
180445.23 542663.16 29.03
180445.23 542573.16 31.41
180445.23 542483.16 33.32
180445.23 542393.16 35.57
180445.23 542303.16 37.62
180445.23 542213.16 40.90
180445.23 542123.16 44.64
180445.23 542033.16 54.22
180445.23 541943.16 63.29
180445.23 541853.16 74.32
180445.23 541763.16 89.71
180445.23 541673.16 116.32
180445.23 541583.16 144.71
180445.23 541493.16 164.88
180445.23 541403.16 174.90
180445.23 541313.16 157.67
180445.23 541223.16 165.05
180445.23 541133.16 172.75
180445.23 541043.16 175.93
180445.23 540953.16 179.43
180445.23 540863.16 177.69
180445.23 540773.16 177.48
180445.23 540683.16 179.51
180445.23 540593.16 147.95
180535.23 543203.16 22.78
180535.23 543113.16 21.37
180535.23 543023.16 20.78
180535.23 542933.16 20.97
180535.23 542843.16 22.32
180535.23 542753.16 26.73
180535.23 542663.16 28.81
180535.23 542573.16 31.67
180535.23 542483.16 34.03
180535.23 542393.16 36.21
180535.23 542303.16 38.65
180535.23 542213.16 41.62
180535.23 542123.16 44.41
180535.23 542033.16 53.62
180535.23 541943.16 61.04
180535.23 541853.16 69.01
180535.23 541763.16 83.63
180535.23 541673.16 106.51
180535.23 541583.16 133.75
180535.23 541493.16 133.56
180535.23 541403.16 152.31
180535.23 541313.16 142.26
180535.23 541223.16 134.79
180535.23 541133.16 145.43
180535.23 541043.16 161.10
180535.23 540953.16 160.34
180535.23 540863.16 168.44
180535.23 540773.16 167.34
180535.23 540683.16 173.00
180535.23 540593.16 133.41
180625.23 543203.16 21.60
180625.23 543113.16 20.03
180625.23 543023.16 19.40
180625.23 542933.16 20.17
180625.23 542843.16 21.88
180625.23 542753.16 26.85
180625.23 542663.16 28.44
180625.23 542573.16 31.16
180625.23 542483.16 33.55
180625.23 542393.16 36.03
180625.23 542303.16 38.42
180625.23 542213.16 41.52
180625.23 542123.16 43.73
180625.23 542033.16 52.57
180625.23 541943.16 56.62
180625.23 541853.16 62.22
180625.23 541763.16 72.49
180625.23 541673.16 87.49
180625.23 541583.16 107.56
180625.23 541493.16 106.82
180625.23 541403.16 132.64
180625.23 541313.16 128.75
180625.23 541223.16 113.09
180625.23 541133.16 120.69
180625.23 541043.16 129.33
180625.23 540953.16 131.22
180625.23 540863.16 139.54
180625.23 540773.16 134.43
180625.23 540683.16 143.80
180625.23 540593.16 114.73
180715.23 543203.16 18.83
180715.23 543113.16 18.49
180715.23 543023.16 18.85
180715.23 542933.16 19.97
180715.23 542843.16 21.81
180715.23 542753.16 26.45
180715.23 542663.16 28.25
180715.23 542573.16 31.01
180715.23 542483.16 34.49
180715.23 542393.16 41.32
180715.23 542303.16 45.60
180715.23 542213.16 52.92
180715.23 542123.16 57.28
180715.23 542033.16 68.51
180715.23 541943.16 69.40
180715.23 541853.16 75.35
180715.23 541763.16 80.24
180715.23 541673.16 92.76
180715.23 541583.16 103.41
180715.23 541493.16 109.66
180715.23 541403.16 122.57
180715.23 541313.16 107.18
180715.23 541223.16 97.22
180715.23 541133.16 96.94
180715.23 541043.16 94.61
180715.23 540953.16 97.40
180715.23 540863.16 105.43
180715.23 540773.16 98.75
180715.23 540683.16 99.67
180715.23 540593.16 82.05
180715.23 540503.16 68.70
180805.23 543203.16 16.99
180805.23 543113.16 17.36
180805.23 543023.16 18.15
180805.23 542933.16 19.50
180805.23 542843.16 21.54
180805.23 542753.16 25.70
180805.23 542663.16 28.09
180805.23 542573.16 31.53
180805.23 542483.16 39.68
180805.23 542393.16 50.51
180805.23 542303.16 60.35
180805.23 542213.16 66.26
180805.23 542123.16 74.68
180805.23 542033.16 90.34
180805.23 541943.16 83.83
180805.23 541853.16 97.79
180805.23 541763.16 103.86
180805.23 541673.16 112.63
180805.23 541583.16 125.82
180805.23 541493.16 132.26
180805.23 541403.16 132.60
180805.23 541313.16 103.85
180805.23 541223.16 93.38
180805.23 541133.16 86.36
180805.23 541043.16 80.44
180805.23 540953.16 77.75
180805.23 540863.16 78.66
180805.23 540773.16 76.48
180805.23 540683.16 72.11
180805.23 540593.16 60.54
180805.23 540503.16 55.25
180895.23 543203.16 15.97
180895.23 543113.16 16.49
180895.23 543023.16 17.47
180895.23 542933.16 19.00
180895.23 542843.16 20.76
180895.23 542753.16 25.08
180895.23 542663.16 28.01
180895.23 542573.16 33.21
180895.23 542483.16 40.32
180895.23 542393.16 50.60
180895.23 542303.16 62.39
180895.23 542213.16 74.56
180895.23 542123.16 90.42
180895.23 542033.16 115.64
180895.23 541943.16 98.24
180895.23 541853.16 111.30
180895.23 541763.16 127.60
180895.23 541673.16 140.56
180895.23 541583.16 151.87
180895.23 541493.16 139.61
180895.23 541403.16 124.19
180895.23 541313.16 103.18
180895.23 541223.16 104.29
180895.23 541133.16 92.95
180895.23 541043.16 84.02
180895.23 540953.16 76.97
180895.23 540863.16 70.81
180895.23 540773.16 66.47
180895.23 540683.16 62.19
180895.23 540593.16 54.32
180895.23 540503.16 51.36
180985.23 543203.16 15.21
180985.23 543113.16 15.84
180985.23 543023.16 16.92
180985.23 542933.16 18.95
180985.23 542843.16 20.40
180985.23 542753.16 24.90
180985.23 542663.16 27.89
180985.23 542573.16 32.30
180985.23 542483.16 39.34
180985.23 542393.16 49.76
180985.23 542303.16 65.63
180985.23 542213.16 88.17
180985.23 542123.16 107.53
180985.23 542033.16 129.69
180985.23 541943.16 116.35
180985.23 541853.16 130.48
180985.23 541763.16 145.11
180985.23 541673.16 148.95
180985.23 541583.16 151.17
180985.23 541493.16 137.01
180985.23 541403.16 114.20
180985.23 541313.16 95.55
180985.23 541223.16 111.07
180985.23 541133.16 110.25
180985.23 541043.16 94.45
180985.23 540953.16 83.58
180985.23 540863.16 82.42
180985.23 540773.16 79.24
180985.23 540683.16 65.68
180985.23 540593.16 58.12
180985.23 540503.16 53.46
181075.23 543113.16 15.52
181075.23 543023.16 16.54
181075.23 542933.16 18.33
181075.23 542843.16 20.01
181075.23 542753.16 24.34
181075.23 542663.16 27.62
181075.23 542573.16 33.40
181075.23 542483.16 40.33
181075.23 542393.16 54.27
181075.23 542303.16 75.00
181075.23 542213.16 103.51
181075.23 542123.16 127.34
181075.23 542033.16 140.80
181075.23 541943.16 125.41
181075.23 541853.16 135.31
181075.23 541763.16 147.29
181075.23 541673.16 133.12
181075.23 541583.16 134.25
181075.23 541493.16 128.49
181075.23 541403.16 105.50
181075.23 541313.16 87.99
181075.23 541223.16 106.65
181075.23 541133.16 120.99
181075.23 541043.16 106.42
181075.23 540953.16 96.15
181075.23 540863.16 101.94
181075.23 540773.16 94.99
181075.23 540683.16 78.53
181075.23 540593.16 73.42
181075.23 540503.16 64.05
181075.23 540413.16 55.91
181165.23 543113.16 15.36
181165.23 543023.16 16.21
181165.23 542933.16 17.57
181165.23 542843.16 19.29
181165.23 542753.16 23.36
181165.23 542663.16 26.94
181165.23 542573.16 33.15
181165.23 542483.16 38.81
181165.23 542393.16 54.46
181165.23 542303.16 80.42
181165.23 542213.16 94.06
181165.23 542123.16 119.73
181165.23 542033.16 126.33
181165.23 541943.16 108.61
181165.23 541853.16 118.97
181165.23 541763.16 122.41
181165.23 541673.16 106.90
181165.23 541583.16 106.83
181165.23 541493.16 108.58
181165.23 541403.16 89.70
181165.23 541313.16 91.15
181165.23 541223.16 113.69
181165.23 541133.16 132.13
181165.23 541043.16 122.22
181165.23 540953.16 118.59
181165.23 540863.16 123.53
181165.23 540773.16 113.04
181165.23 540683.16 97.27
181165.23 540593.16 88.59
181165.23 540503.16 71.49
181165.23 540413.16 61.64
181255.23 543113.16 15.16
181255.23 543023.16 16.15
181255.23 542933.16 17.22
181255.23 542843.16 19.06
181255.23 542753.16 23.92
181255.23 542663.16 25.61
181255.23 542573.16 31.94
181255.23 542483.16 43.80
181255.23 542393.16 60.90
181255.23 542303.16 71.50
181255.23 542213.16 78.16
181255.23 542123.16 94.47
181255.23 542033.16 96.72
181255.23 541943.16 90.44
181255.23 541853.16 95.25
181255.23 541763.16 94.09
181255.23 541673.16 83.94
181255.23 541583.16 83.16
181255.23 541493.16 83.75
181255.23 541403.16 72.04
181255.23 541313.16 92.90
181255.23 541223.16 117.68
181255.23 541133.16 129.96
181255.23 541043.16 130.27
181255.23 540953.16 124.07
181255.23 540863.16 128.36
181255.23 540773.16 129.75
181255.23 540683.16 118.16
181255.23 540593.16 91.70
181255.23 540503.16 74.49
181255.23 540413.16 66.98
181345.23 543113.16 15.21
181345.23 543023.16 15.76
181345.23 542933.16 16.65
181345.23 542843.16 18.70
181345.23 542753.16 28.65
181345.23 542663.16 26.08
181345.23 542573.16 30.33
181345.23 542483.16 41.94
181345.23 542393.16 63.44
181345.23 542303.16 60.76
181345.23 542213.16 67.88
181345.23 542123.16 78.65
181345.23 542033.16 71.84
181345.23 541943.16 77.72
181345.23 541853.16 78.49
181345.23 541763.16 73.14
181345.23 541673.16 70.78
181345.23 541583.16 69.68
181345.23 541493.16 74.72
181345.23 541403.16 62.14
181345.23 541313.16 87.99
181345.23 541223.16 111.99
181345.23 541133.16 113.68
181345.23 541043.16 117.76
181345.23 540953.16 108.25
181345.23 540863.16 113.67
181345.23 540773.16 124.98
181345.23 540683.16 129.56
181345.23 540593.16 89.74
181345.23 540503.16 74.76
181345.23 540413.16 73.37
181345.23 540323.16 89.27
181435.23 543113.16 18.01
181435.23 543023.16 16.85
181435.23 542933.16 16.44
181435.23 542843.16 17.16
181435.23 542753.16 23.91
181435.23 542663.16 24.67
181435.23 542573.16 27.36
181435.23 542483.16 31.97
181435.23 542393.16 44.21
181435.23 542303.16 44.11
181435.23 542213.16 49.60
181435.23 542123.16 53.85
181435.23 542033.16 51.98
181435.23 541943.16 55.25
181435.23 541853.16 54.44
181435.23 541763.16 52.66
181435.23 541673.16 53.51
181435.23 541583.16 55.80
181435.23 541493.16 56.90
181435.23 541403.16 52.07
181435.23 541313.16 80.18
181435.23 541223.16 92.09
181435.23 541133.16 84.27
181435.23 541043.16 81.98
181435.23 540953.16 77.27
181435.23 540863.16 82.24
181435.23 540773.16 94.60
181435.23 540683.16 105.37
181435.23 540593.16 84.19
181435.23 540503.16 75.71
181435.23 540413.16 75.68
181435.23 540323.16 81.82
181525.23 543113.16 21.95
181525.23 543023.16 20.24
181525.23 542933.16 17.19
181525.23 542843.16 16.87
181525.23 542753.16 18.63
181525.23 542663.16 21.39
181525.23 542573.16 25.63
181525.23 542483.16 27.18
181525.23 542393.16 31.48
181525.23 542303.16 33.31
181525.23 542213.16 35.80
181525.23 542123.16 37.71
181525.23 542033.16 41.20
181525.23 541943.16 41.00
181525.23 541853.16 40.52
181525.23 541763.16 42.04
181525.23 541673.16 43.84
181525.23 541583.16 46.19
181525.23 541493.16 45.26
181525.23 541403.16 45.67
181525.23 541313.16 65.00
181525.23 541223.16 68.62
181525.23 541133.16 61.26
181525.23 541043.16 59.15
181525.23 540953.16 59.23
181525.23 540863.16 66.85
181525.23 540773.16 77.33
181525.23 540683.16 89.66
181525.23 540593.16 80.57
181525.23 540503.16 76.81
181525.23 540413.16 77.17
181525.23 540323.16 82.32
181615.23 543113.16 26.06
181615.23 543023.16 25.79
181615.23 542933.16 20.50
181615.23 542843.16 17.97
181615.23 542753.16 17.78
181615.23 542663.16 19.83
181615.23 542573.16 25.13
181615.23 542483.16 25.83
181615.23 542393.16 27.80
181615.23 542303.16 29.18
181615.23 542213.16 30.84
181615.23 542123.16 33.07
181615.23 542033.16 34.78
181615.23 541943.16 35.17
181615.23 541853.16 36.62
181615.23 541763.16 37.71
181615.23 541673.16 40.16
181615.23 541583.16 43.18
181615.23 541493.16 42.34
181615.23 541403.16 42.57
181615.23 541313.16 49.21
181615.23 541223.16 50.91
181615.23 541133.16 50.01
181615.23 541043.16 51.59
181615.23 540953.16 61.25
181615.23 540863.16 75.02
181615.23 540773.16 86.18
181615.23 540683.16 94.81
181615.23 540593.16 82.81
181615.23 540503.16 81.19
181615.23 540413.16 80.80
181615.23 540323.16 87.17
181615.23 540233.16 79.03
181705.23 543113.16 32.62
181705.23 543023.16 32.91
181705.23 542933.16 24.94
181705.23 542843.16 20.73
181705.23 542753.16 18.68
181705.23 542663.16 20.03
181705.23 542573.16 24.91
181705.23 542483.16 25.31
181705.23 542393.16 24.98
181705.23 542303.16 26.03
181705.23 542213.16 27.80
181705.23 542123.16 29.47
181705.23 542033.16 29.83
181705.23 541943.16 31.63
181705.23 541853.16 33.47
181705.23 541763.16 34.15
181705.23 541673.16 38.41
181705.23 541583.16 39.66
181705.23 541493.16 39.32
181705.23 541403.16 39.69
181705.23 541313.16 41.40
181705.23 541223.16 42.91
181705.23 541133.16 45.01
181705.23 541043.16 52.85
181705.23 540953.16 69.85
181705.23 540863.16 81.96
181705.23 540773.16 91.79
181705.23 540683.16 106.74
181705.23 540593.16 90.60
181705.23 540503.16 90.53
181705.23 540413.16 91.42
181705.23 540323.16 92.56
181705.23 540233.16 75.60
181795.23 543113.16 42.42
181795.23 543023.16 45.47
181795.23 542933.16 32.31
181795.23 542843.16 27.70
181795.23 542753.16 20.61
181795.23 542663.16 21.39
181795.23 542573.16 25.06
181795.23 542483.16 25.21
181795.23 542393.16 24.19
181795.23 542303.16 24.02
181795.23 542213.16 25.12
181795.23 542123.16 26.30
181795.23 542033.16 27.00
181795.23 541943.16 28.33
181795.23 541853.16 30.16
181795.23 541763.16 31.67
181795.23 541673.16 35.68
181795.23 541583.16 35.53
181795.23 541493.16 36.38
181795.23 541403.16 37.17
181795.23 541313.16 38.19
181795.23 541223.16 40.58
181795.23 541133.16 44.60
181795.23 541043.16 52.51
181795.23 540953.16 65.56
181795.23 540863.16 72.37
181795.23 540773.16 93.69
181795.23 540683.16 110.09
181795.23 540593.16 101.16
181795.23 540503.16 100.36
181795.23 540413.16 103.22
181795.23 540323.16 89.82
181795.23 540233.16 75.42
181885.23 543113.16 57.81
181885.23 543023.16 57.23
181885.23 542933.16 39.77
181885.23 542843.16 31.85
181885.23 542753.16 23.98
181885.23 542663.16 24.68
181885.23 542573.16 26.17
181885.23 542483.16 24.97
181885.23 542393.16 24.88
181885.23 542303.16 23.60
181885.23 542213.16 24.03
181885.23 542123.16 24.47
181885.23 542033.16 25.60
181885.23 541943.16 26.25
181885.23 541853.16 27.56
181885.23 541763.16 29.20
181885.23 541673.16 32.22
181885.23 541583.16 32.67
181885.23 541493.16 34.03
181885.23 541403.16 34.62
181885.23 541313.16 36.30
181885.23 541223.16 38.36
181885.23 541133.16 41.90
181885.23 541043.16 47.37
181885.23 540953.16 53.26
181885.23 540863.16 61.25
181885.23 540773.16 80.84
181885.23 540683.16 92.63
181885.23 540593.16 111.62
181885.23 540503.16 110.45
181885.23 540413.16 107.66
181885.23 540323.16 89.96
181885.23 540233.16 76.81
181975.23 543023.16 53.33
181975.23 542933.16 40.42
181975.23 542843.16 31.47
181975.23 542753.16 31.49
181975.23 542663.16 28.68
181975.23 542573.16 28.55
181975.23 542483.16 28.15
181975.23 542393.16 28.39
181975.23 542303.16 25.10
181975.23 542213.16 25.30
181975.23 542123.16 26.07
181975.23 542033.16 25.08
181975.23 541943.16 25.20
181975.23 541853.16 25.89
181975.23 541763.16 27.27
181975.23 541673.16 28.59
181975.23 541583.16 30.37
181975.23 541493.16 30.90
181975.23 541403.16 31.56
181975.23 541313.16 34.20
181975.23 541223.16 36.43
181975.23 541133.16 38.61
181975.23 541043.16 42.60
181975.23 540953.16 46.90
181975.23 540863.16 54.20
181975.23 540773.16 64.12
181975.23 540683.16 74.01
181975.23 540593.16 107.10
181975.23 540503.16 112.89
181975.23 540413.16 96.17
181975.23 540323.16 88.66
181975.23 540233.16 75.42
181975.23 540143.16 63.00
182065.23 543023.16 56.93
182065.23 542933.16 46.86
182065.23 542843.16 35.14
182065.23 542753.16 39.78
182065.23 542663.16 31.74
182065.23 542573.16 31.98
182065.23 542483.16 33.48
182065.23 542393.16 31.70
182065.23 542303.16 30.33
182065.23 542213.16 32.05
182065.23 542123.16 30.26
182065.23 542033.16 26.09
182065.23 541943.16 25.42
182065.23 541853.16 25.64
182065.23 541763.16 26.51
182065.23 541673.16 27.09
182065.23 541583.16 28.63
182065.23 541493.16 29.37
182065.23 541403.16 30.22
182065.23 541313.16 32.98
182065.23 541223.16 36.12
182065.23 541133.16 38.21
182065.23 541043.16 41.32
182065.23 540953.16 44.13
182065.23 540863.16 54.67
182065.23 540773.16 63.13
182065.23 540683.16 68.48
182065.23 540593.16 90.66
182065.23 540503.16 98.27
182065.23 540413.16 80.03
182065.23 540323.16 78.90
182065.23 540233.16 75.36
182065.23 540143.16 61.53
182155.23 543023.16 63.75
182155.23 542933.16 52.26
182155.23 542843.16 44.87
182155.23 542753.16 42.17
182155.23 542663.16 36.28
182155.23 542573.16 36.26
182155.23 542483.16 39.27
182155.23 542393.16 39.17
182155.23 542303.16 37.19
182155.23 542213.16 35.68
182155.23 542123.16 34.76
182155.23 542033.16 34.80
182155.23 541943.16 34.90
182155.23 541853.16 36.03
182155.23 541763.16 34.07
182155.23 541673.16 35.38
182155.23 541583.16 35.89
182155.23 541493.16 34.44
182155.23 541403.16 35.29
182155.23 541313.16 38.10
182155.23 541223.16 40.80
182155.23 541133.16 44.05
182155.23 541043.16 47.76
182155.23 540953.16 50.45
182155.23 540863.16 52.26
182155.23 540773.16 55.86
182155.23 540683.16 64.28
182155.23 540593.16 76.38
182155.23 540503.16 77.27
182155.23 540413.16 66.39
182155.23 540323.16 65.80
182155.23 540233.16 63.73
182155.23 540143.16 55.77
182245.23 543023.16 71.80
182245.23 542933.16 65.32
182245.23 542843.16 55.90
182245.23 542753.16 44.77
182245.23 542663.16 38.35
182245.23 542573.16 36.62
182245.23 542483.16 41.13
182245.23 542393.16 42.41
182245.23 542303.16 39.25
182245.23 542213.16 35.26
182245.23 542123.16 35.69
182245.23 542033.16 39.66
182245.23 541943.16 41.55
182245.23 541853.16 43.55
182245.23 541763.16 41.58
182245.23 541673.16 41.13
182245.23 541583.16 41.08
182245.23 541493.16 39.76
182245.23 541403.16 40.96
182245.23 541313.16 44.43
182245.23 541223.16 44.45
182245.23 541133.16 51.13
182245.23 541043.16 55.35
182245.23 540953.16 58.65
182245.23 540863.16 59.39
182245.23 540773.16 59.64
182245.23 540683.16 64.67
182245.23 540593.16 70.44
182245.23 540503.16 71.98
182245.23 540413.16 67.85
182245.23 540323.16 74.00
182245.23 540233.16 71.72
182245.23 540143.16 63.60
182245.23 540053.16 52.71
182335.23 543023.16 69.82
182335.23 542933.16 69.91
182335.23 542843.16 62.23
182335.23 542753.16 46.87
182335.23 542663.16 38.51
182335.23 542573.16 34.78
182335.23 542483.16 38.00
182335.23 542393.16 37.61
182335.23 542303.16 35.68
182335.23 542213.16 34.47
182335.23 542123.16 34.81
182335.23 542033.16 40.74
182335.23 541943.16 45.09
182335.23 541853.16 48.90
182335.23 541763.16 45.69
182335.23 541673.16 42.64
182335.23 541583.16 42.65
182335.23 541493.16 44.51
182335.23 541403.16 48.91
182335.23 541313.16 49.03
182335.23 541223.16 52.15
182335.23 541133.16 57.60
182335.23 541043.16 61.85
182335.23 540953.16 66.22
182335.23 540863.16 67.53
182335.23 540773.16 70.28
182335.23 540683.16 75.54
182335.23 540593.16 77.70
182335.23 540503.16 86.22
182335.23 540413.16 78.82
182335.23 540323.16 80.10
182335.23 540233.16 77.49
182335.23 540143.16 64.78
182335.23 540053.16 55.14
182425.23 543023.16 60.71
182425.23 542933.16 61.43
182425.23 542843.16 59.59
182425.23 542753.16 46.58
182425.23 542663.16 39.57
182425.23 542573.16 33.56
182425.23 542483.16 34.16
182425.23 542393.16 33.09
182425.23 542303.16 32.85
182425.23 542213.16 34.27
182425.23 542123.16 34.56
182425.23 542033.16 43.63
182425.23 541943.16 49.41
182425.23 541853.16 52.13
182425.23 541763.16 52.49
182425.23 541673.16 51.84
182425.23 541583.16 52.28
182425.23 541493.16 53.34
182425.23 541403.16 55.50
182425.23 541313.16 58.22
182425.23 541223.16 62.12
182425.23 541133.16 63.98
182425.23 541043.16 67.59
182425.23 540953.16 72.29
182425.23 540863.16 77.07
182425.23 540773.16 96.33
182425.23 540683.16 107.64
182425.23 540593.16 91.97
182425.23 540503.16 86.12
182425.23 540413.16 79.12
182425.23 540323.16 79.44
182425.23 540233.16 76.03
182425.23 540143.16 67.27
182425.23 540053.16 61.25
182515.23 543023.16 54.55
182515.23 542933.16 52.85
182515.23 542843.16 54.52
182515.23 542753.16 43.21
182515.23 542663.16 38.96
182515.23 542573.16 32.56
182515.23 542483.16 31.53
182515.23 542393.16 31.64
182515.23 542303.16 32.09
182515.23 542213.16 34.90
182515.23 542123.16 37.57
182515.23 542033.16 47.51
182515.23 541943.16 51.77
182515.23 541853.16 53.89
182515.23 541763.16 56.64
182515.23 541673.16 58.79
182515.23 541583.16 58.54
182515.23 541493.16 58.80
182515.23 541403.16 60.30
182515.23 541313.16 64.90
182515.23 541223.16 68.55
182515.23 541133.16 71.57
182515.23 541043.16 70.52
182515.23 540953.16 76.07
182515.23 540863.16 98.51
182515.23 540773.16 122.66
182515.23 540683.16 137.54
182515.23 540593.16 110.17
182515.23 540503.16 88.36
182515.23 540413.16 75.30
182515.23 540323.16 71.91
182515.23 540233.16 74.56
182515.23 540143.16 78.74
182515.23 540053.16 66.77
182515.23 539963.16 60.81
182605.23 543113.16 40.80
182605.23 543023.16 42.69
182605.23 542933.16 42.33
182605.23 542843.16 43.91
182605.23 542753.16 41.12
182605.23 542663.16 36.60
182605.23 542573.16 30.60
182605.23 542483.16 30.09
182605.23 542393.16 30.48
182605.23 542303.16 33.19
182605.23 542213.16 37.70
182605.23 542123.16 42.60
182605.23 542033.16 47.49
182605.23 541943.16 52.03
182605.23 541853.16 56.12
182605.23 541763.16 65.02
182605.23 541673.16 62.92
182605.23 541583.16 61.45
182605.23 541493.16 62.04
182605.23 541403.16 65.38
182605.23 541313.16 68.63
182605.23 541223.16 72.79
182605.23 541133.16 84.11
182605.23 541043.16 85.90
182605.23 540953.16 94.27
182605.23 540863.16 120.06
182605.23 540773.16 139.88
182605.23 540683.16 147.90
182605.23 540593.16 120.74
182605.23 540503.16 96.26
182605.23 540413.16 75.30
182605.23 540323.16 64.64
182605.23 540233.16 69.05
182605.23 540143.16 81.56
182605.23 540053.16 68.70
182605.23 539963.16 68.92
182695.23 543203.16 57.81
182695.23 543113.16 45.67
182695.23 543023.16 36.69
182695.23 542933.16 34.54
182695.23 542843.16 35.18
182695.23 542753.16 37.39
182695.23 542663.16 32.29
182695.23 542573.16 29.30
182695.23 542483.16 29.17
182695.23 542393.16 30.10
182695.23 542303.16 34.16
182695.23 542213.16 37.52
182695.23 542123.16 41.38
182695.23 542033.16 45.14
182695.23 541943.16 50.84
182695.23 541853.16 56.90
182695.23 541763.16 70.03
182695.23 541673.16 66.99
182695.23 541583.16 64.27
182695.23 541493.16 65.36
182695.23 541403.16 67.98
182695.23 541313.16 73.28
182695.23 541223.16 80.30
182695.23 541133.16 95.08
182695.23 541043.16 103.82
182695.23 540953.16 116.61
182695.23 540863.16 134.96
182695.23 540773.16 145.43
182695.23 540683.16 142.65
182695.23 540593.16 129.05
182695.23 540503.16 103.21
182695.23 540413.16 75.23
182695.23 540323.16 60.37
182695.23 540233.16 65.26
182695.23 540143.16 68.98
182695.23 540053.16 75.77
182695.23 539963.16 85.15
182785.23 543203.16 50.87
182785.23 543113.16 42.30
182785.23 543023.16 35.41
182785.23 542933.16 31.77
182785.23 542843.16 30.99
182785.23 542753.16 32.03
182785.23 542663.16 29.59
182785.23 542573.16 29.22
182785.23 542483.16 29.13
182785.23 542393.16 31.77
182785.23 542303.16 34.27
182785.23 542213.16 34.50
182785.23 542123.16 37.08
182785.23 542033.16 47.43
182785.23 541943.16 56.45
182785.23 541853.16 68.65
182785.23 541763.16 66.42
182785.23 541673.16 64.64
182785.23 541583.16 64.96
182785.23 541493.16 65.61
182785.23 541403.16 69.73
182785.23 541313.16 74.80
182785.23 541223.16 78.90
182785.23 541133.16 85.09
182785.23 541043.16 91.09
182785.23 540953.16 116.35
182785.23 540863.16 127.37
182785.23 540773.16 127.86
182785.23 540683.16 122.11
182785.23 540593.16 114.59
182785.23 540503.16 99.71
182785.23 540413.16 73.99
182785.23 540323.16 55.61
182785.23 540233.16 60.35
182785.23 540143.16 70.18
182785.23 540053.16 80.84
182785.23 539963.16 89.71
182875.23 543293.16 48.47
182875.23 543203.16 40.80
182875.23 543113.16 36.04
182875.23 543023.16 32.53
182875.23 542933.16 29.64
182875.23 542843.16 28.20
182875.23 542753.16 28.28
182875.23 542663.16 28.03
182875.23 542573.16 29.35
182875.23 542483.16 34.42
182875.23 542393.16 39.63
182875.23 542303.16 41.83
182875.23 542213.16 40.81
182875.23 542123.16 40.57
182875.23 542033.16 47.94
182875.23 541943.16 53.42
182875.23 541853.16 61.30
182875.23 541763.16 57.75
182875.23 541673.16 56.91
182875.23 541583.16 58.31
182875.23 541493.16 60.10
182875.23 541403.16 64.40
182875.23 541313.16 65.70
182875.23 541223.16 67.04
182875.23 541133.16 69.97
182875.23 541043.16 74.93
182875.23 540953.16 86.05
182875.23 540863.16 89.32
182875.23 540773.16 89.63
182875.23 540683.16 87.81
182875.23 540593.16 80.52
182875.23 540503.16 73.21
182875.23 540413.16 61.69
182875.23 540323.16 50.21
182875.23 540233.16 55.26
182875.23 540143.16 61.10
182875.23 540053.16 67.73
182875.23 539963.16 64.78
182875.23 539873.16 53.20
182965.23 543293.16 38.64
182965.23 543203.16 37.81
182965.23 543113.16 36.29
182965.23 543023.16 32.35
182965.23 542933.16 28.90
182965.23 542843.16 26.85
182965.23 542753.16 25.99
182965.23 542663.16 26.26
182965.23 542573.16 29.80
182965.23 542483.16 44.93
182965.23 542393.16 50.31
182965.23 542303.16 47.23
182965.23 542213.16 41.57
182965.23 542123.16 40.24
182965.23 542033.16 40.49
182965.23 541943.16 46.88
182965.23 541853.16 52.52
182965.23 541763.16 52.72
182965.23 541673.16 52.53
182965.23 541583.16 52.49
182965.23 541493.16 55.36
182965.23 541403.16 57.09
182965.23 541313.16 57.19
182965.23 541223.16 59.87
182965.23 541133.16 62.48
182965.23 541043.16 68.19
182965.23 540953.16 67.29
182965.23 540863.16 65.40
182965.23 540773.16 66.17
182965.23 540683.16 63.43
182965.23 540593.16 61.81
182965.23 540503.16 55.97
182965.23 540413.16 51.42
182965.23 540323.16 46.61
182965.23 540233.16 48.33
182965.23 540143.16 51.06
182965.23 540053.16 50.11
182965.23 539963.16 47.73
182965.23 539873.16 43.35
183055.23 543383.16 30.49
183055.23 543293.16 32.95
183055.23 543203.16 35.29
183055.23 543113.16 34.91
183055.23 543023.16 32.65
183055.23 542933.16 28.59
183055.23 542843.16 26.14
183055.23 542753.16 25.04
183055.23 542663.16 25.20
183055.23 542573.16 31.34
183055.23 542483.16 47.71
183055.23 542393.16 54.65
183055.23 542303.16 46.52
183055.23 542213.16 38.76
183055.23 542123.16 35.03
183055.23 542033.16 34.41
183055.23 541943.16 41.74
183055.23 541853.16 55.18
183055.23 541763.16 52.88
183055.23 541673.16 49.18
183055.23 541583.16 48.14
183055.23 541493.16 49.04
183055.23 541403.16 49.25
183055.23 541313.16 50.97
183055.23 541223.16 52.25
183055.23 541133.16 55.92
183055.23 541043.16 63.23
183055.23 540953.16 61.62
183055.23 540863.16 57.42
183055.23 540773.16 55.16
183055.23 540683.16 51.98
183055.23 540593.16 50.96
183055.23 540503.16 53.97
183055.23 540413.16 47.22
183055.23 540323.16 43.47
183055.23 540233.16 41.88
183055.23 540143.16 49.31
183055.23 540053.16 42.07
183055.23 539963.16 43.04
183055.23 539873.16 39.82
183145.23 543383.16 27.56
183145.23 543293.16 28.28
183145.23 543203.16 30.83
183145.23 543113.16 34.29
183145.23 543023.16 31.03
183145.23 542933.16 27.88
183145.23 542843.16 25.31
183145.23 542753.16 24.24
183145.23 542663.16 25.02
183145.23 542573.16 30.27
183145.23 542483.16 44.61
183145.23 542393.16 51.87
183145.23 542303.16 43.56
183145.23 542213.16 36.01
183145.23 542123.16 31.62
183145.23 542033.16 32.04
183145.23 541943.16 40.03
183145.23 541853.16 55.34
183145.23 541763.16 52.86
183145.23 541673.16 47.20
183145.23 541583.16 44.31
183145.23 541493.16 42.25
183145.23 541403.16 41.51
183145.23 541313.16 46.24
183145.23 541223.16 48.25
183145.23 541133.16 54.99
183145.23 541043.16 65.07
183145.23 540953.16 59.16
183145.23 540863.16 54.40
183145.23 540773.16 52.26
183145.23 540683.16 48.04
183145.23 540593.16 43.20
183145.23 540503.16 46.31
183145.23 540413.16 45.41
183145.23 540323.16 41.30
183145.23 540233.16 38.80
183145.23 540143.16 43.01
183145.23 540053.16 40.76
183145.23 539963.16 37.35
183145.23 539873.16 36.22
183145.23 539783.16 48.79
183235.23 543473.16 27.81
183235.23 543383.16 26.30
183235.23 543293.16 26.10
183235.23 543203.16 26.81
183235.23 543113.16 29.70
183235.23 543023.16 27.24
183235.23 542933.16 25.49
183235.23 542843.16 24.93
183235.23 542753.16 23.99
183235.23 542663.16 25.11
183235.23 542573.16 30.37
183235.23 542483.16 40.87
183235.23 542393.16 44.63
183235.23 542303.16 39.84
183235.23 542213.16 33.39
183235.23 542123.16 29.93
183235.23 542033.16 31.19
183235.23 541943.16 37.17
183235.23 541853.16 45.73
183235.23 541763.16 48.37
183235.23 541673.16 42.48
183235.23 541583.16 40.51
183235.23 541493.16 38.44
183235.23 541403.16 36.53
183235.23 541313.16 51.23
183235.23 541223.16 51.35
183235.23 541133.16 49.38
183235.23 541043.16 53.10
183235.23 540953.16 48.66
183235.23 540863.16 46.26
183235.23 540773.16 49.23
183235.23 540683.16 51.78
183235.23 540593.16 41.26
183235.23 540503.16 39.98
183235.23 540413.16 39.77
183235.23 540323.16 37.52
183235.23 540233.16 36.83
183235.23 540143.16 36.14
183235.23 540053.16 37.11
183235.23 539963.16 36.46
183235.23 539873.16 34.08
183235.23 539783.16 51.65
183325.23 543473.16 29.66
183325.23 543383.16 26.77
183325.23 543293.16 25.55
183325.23 543203.16 24.94
183325.23 543113.16 25.03
183325.23 543023.16 24.56
183325.23 542933.16 23.79
183325.23 542843.16 25.00
183325.23 542753.16 24.34
183325.23 542663.16 27.67
183325.23 542573.16 32.59
183325.23 542483.16 38.84
183325.23 542393.16 39.65
183325.23 542303.16 40.47
183325.23 542213.16 37.87
183325.23 542123.16 30.17
183325.23 542033.16 31.51
183325.23 541943.16 35.43
183325.23 541853.16 39.52
183325.23 541763.16 45.46
183325.23 541673.16 38.16
183325.23 541583.16 35.86
183325.23 541493.16 32.68
183325.23 541403.16 32.42
183325.23 541313.16 45.29
183325.23 541223.16 51.37
183325.23 541133.16 49.45
183325.23 541043.16 43.50
183325.23 540953.16 42.14
183325.23 540863.16 39.31
183325.23 540773.16 40.99
183325.23 540683.16 47.69
183325.23 540593.16 42.98
183325.23 540503.16 39.66
183325.23 540413.16 37.14
183325.23 540323.16 35.71
183325.23 540233.16 34.92
183325.23 540143.16 33.35
183325.23 540053.16 32.65
183325.23 539963.16 32.83
183325.23 539873.16 31.35
183325.23 539783.16 39.48
183415.23 543563.16 42.21
183415.23 543473.16 34.20
183415.23 543383.16 29.09
183415.23 543293.16 26.68
183415.23 543203.16 25.01
183415.23 543113.16 23.78
183415.23 543023.16 23.40
183415.23 542933.16 23.32
183415.23 542843.16 23.64
183415.23 542753.16 26.44
183415.23 542663.16 32.80
183415.23 542573.16 35.40
183415.23 542483.16 34.42
183415.23 542393.16 32.96
183415.23 542303.16 35.85
183415.23 542213.16 37.70
183415.23 542123.16 29.02
183415.23 542033.16 31.49
183415.23 541943.16 35.75
183415.23 541853.16 45.36
183415.23 541763.16 50.63
183415.23 541673.16 44.67
183415.23 541583.16 37.53
183415.23 541493.16 31.35
183415.23 541403.16 31.16
183415.23 541313.16 39.32
183415.23 541223.16 50.05
183415.23 541133.16 53.98
183415.23 541043.16 44.66
183415.23 540953.16 42.10
183415.23 540863.16 36.91
183415.23 540773.16 36.56
183415.23 540683.16 41.17
183415.23 540593.16 47.55
183415.23 540503.16 41.20
183415.23 540413.16 38.31
183415.23 540323.16 37.00
183415.23 540233.16 35.03
183415.23 540143.16 33.23
183415.23 540053.16 31.55
183415.23 539963.16 30.12
183415.23 539873.16 29.57
183415.23 539783.16 30.45
183415.23 539693.16 30.51
183505.23 543563.16 44.42
183505.23 543473.16 36.25
183505.23 543383.16 31.92
183505.23 543293.16 28.45
183505.23 543203.16 25.91
183505.23 543113.16 24.26
183505.23 543023.16 23.30
183505.23 542933.16 24.25
183505.23 542843.16 22.73
183505.23 542753.16 31.43
183505.23 542663.16 37.62
183505.23 542573.16 37.64
183505.23 542483.16 31.54
183505.23 542393.16 29.02
183505.23 542303.16 30.53
183505.23 542213.16 34.69
183505.23 542123.16 27.43
183505.23 542033.16 31.40
183505.23 541943.16 35.96
183505.23 541853.16 42.39
183505.23 541763.16 55.58
183505.23 541673.16 51.61
183505.23 541583.16 38.26
183505.23 541493.16 31.46
183505.23 541403.16 30.68
183505.23 541313.16 38.28
183505.23 541223.16 44.30
183505.23 541133.16 50.28
183505.23 541043.16 42.73
183505.23 540953.16 37.06
183505.23 540863.16 33.05
183505.23 540773.16 33.88
183505.23 540683.16 46.40
183505.23 540593.16 48.57
183505.23 540503.16 46.49
183505.23 540413.16 46.60
183505.23 540323.16 41.03
183505.23 540233.16 40.32
183505.23 540143.16 35.43
183505.23 540053.16 36.32
183505.23 539963.16 34.10
183505.23 539873.16 29.67
183505.23 539783.16 29.06
183505.23 539693.16 28.18
183595.23 543653.16 54.28
183595.23 543563.16 49.26
183595.23 543473.16 35.84
183595.23 543383.16 31.89
183595.23 543293.16 28.72
183595.23 543203.16 27.27
183595.23 543113.16 26.12
183595.23 543023.16 24.47
183595.23 542933.16 23.38
183595.23 542843.16 21.45
183595.23 542753.16 27.97
183595.23 542663.16 37.86
183595.23 542573.16 33.68
183595.23 542483.16 28.53
183595.23 542393.16 27.04
183595.23 542303.16 27.17
183595.23 542213.16 26.85
183595.23 542123.16 29.51
183595.23 542033.16 33.46
183595.23 541943.16 37.84
183595.23 541853.16 32.25
183595.23 541763.16 41.87
183595.23 541673.16 46.08
183595.23 541583.16 39.90
183595.23 541493.16 34.66
183595.23 541403.16 28.63
183595.23 541313.16 31.93
183595.23 541223.16 46.96
183595.23 541133.16 52.03
183595.23 541043.16 47.87
183595.23 540953.16 33.10
183595.23 540863.16 30.92
183595.23 540773.16 41.46
183595.23 540683.16 46.55
183595.23 540593.16 49.54
183595.23 540503.16 44.84
183595.23 540413.16 52.26
183595.23 540323.16 54.32
183595.23 540233.16 46.42
183595.23 540143.16 46.99
183595.23 540053.16 53.38
183595.23 539963.16 50.25
183595.23 539873.16 35.94
183595.23 539783.16 32.10
183595.23 539693.16 29.35
183685.23 543653.16 53.81
183685.23 543563.16 50.34
183685.23 543473.16 38.99
183685.23 543383.16 33.69
183685.23 543293.16 30.86
183685.23 543203.16 29.25
183685.23 543113.16 27.24
183685.23 543023.16 24.70
183685.23 542933.16 22.07
183685.23 542843.16 20.66
183685.23 542753.16 22.50
183685.23 542663.16 33.47
183685.23 542573.16 32.16
183685.23 542483.16 27.03
183685.23 542393.16 23.99
183685.23 542303.16 23.29
183685.23 542213.16 21.95
183685.23 542123.16 29.09
183685.23 542033.16 31.12
183685.23 541943.16 36.99
183685.23 541853.16 26.06
183685.23 541763.16 27.96
183685.23 541673.16 37.83
183685.23 541583.16 47.53
183685.23 541493.16 43.42
183685.23 541403.16 31.63
183685.23 541313.16 25.79
183685.23 541223.16 36.41
183685.23 541133.16 51.68
183685.23 541043.16 50.32
183685.23 540953.16 30.19
183685.23 540863.16 29.29
183685.23 540773.16 36.70
183685.23 540683.16 49.43
183685.23 540593.16 42.68
183685.23 540503.16 34.47
183685.23 540413.16 44.58
183685.23 540323.16 47.34
183685.23 540233.16 40.19
183685.23 540143.16 47.09
183685.23 540053.16 57.62
183685.23 539963.16 50.75
183685.23 539873.16 39.20
183685.23 539783.16 34.73
183685.23 539693.16 30.97
183775.23 543743.16 44.17
183775.23 543653.16 48.79
183775.23 543563.16 48.48
183775.23 543473.16 41.17
183775.23 543383.16 37.75
183775.23 543293.16 35.33
183775.23 543203.16 30.43
183775.23 543113.16 27.86
183775.23 543023.16 24.90
183775.23 542933.16 21.64
183775.23 542843.16 20.43
183775.23 542753.16 20.83
183775.23 542663.16 26.65
183775.23 542573.16 28.90
183775.23 542483.16 25.02
183775.23 542393.16 21.50
183775.23 542303.16 21.48
183775.23 542213.16 26.43
183775.23 542123.16 35.97
183775.23 542033.16 27.68
183775.23 541943.16 26.73
183775.23 541853.16 22.72
183775.23 541763.16 23.66
183775.23 541673.16 32.99
183775.23 541583.16 50.04
183775.23 541493.16 54.53
183775.23 541403.16 44.62
183775.23 541313.16 25.07
183775.23 541223.16 26.20
183775.23 541133.16 48.53
183775.23 541043.16 39.31
183775.23 540953.16 25.94
183775.23 540863.16 25.76
183775.23 540773.16 35.69
183775.23 540683.16 55.56
183775.23 540593.16 35.50
183775.23 540503.16 28.03
183775.23 540413.16 31.47
183775.23 540323.16 32.86
183775.23 540233.16 32.21
183775.23 540143.16 37.16
183775.23 540053.16 44.56
183775.23 539963.16 50.56
183775.23 539873.16 43.25
183775.23 539783.16 36.73
183775.23 539693.16 33.00
183775.23 539603.16 32.80
183865.23 543743.16 36.62
183865.23 543653.16 40.29
183865.23 543563.16 43.02
183865.23 543473.16 36.97
183865.23 543383.16 37.27
183865.23 543293.16 33.42
183865.23 543203.16 30.29
183865.23 543113.16 26.95
183865.23 543023.16 23.58
183865.23 542933.16 22.30
183865.23 542843.16 20.74
183865.23 542753.16 20.43
183865.23 542663.16 22.14
183865.23 542573.16 24.86
183865.23 542483.16 21.21
183865.23 542393.16 20.62
183865.23 542303.16 23.93
183865.23 542213.16 38.42
183865.23 542123.16 50.36
183865.23 542033.16 33.84
183865.23 541943.16 22.04
183865.23 541853.16 19.73
183865.23 541763.16 25.24
183865.23 541673.16 39.71
183865.23 541583.16 50.26
183865.23 541493.16 66.39
183865.23 541403.16 63.99
183865.23 541313.16 26.32
183865.23 541223.16 22.65
183865.23 541133.16 33.43
183865.23 541043.16 26.12
183865.23 540953.16 22.99
183865.23 540863.16 23.93
183865.23 540773.16 43.37
183865.23 540683.16 51.48
183865.23 540593.16 29.49
183865.23 540503.16 25.78
183865.23 540413.16 26.52
183865.23 540323.16 28.23
183865.23 540233.16 33.79
183865.23 540143.16 41.17
183865.23 540053.16 46.98
183865.23 539963.16 54.33
183865.23 539873.16 43.77
183865.23 539783.16 37.52
183865.23 539693.16 34.78
183865.23 539603.16 37.56
183955.23 543833.16 45.78
183955.23 543743.16 36.26
183955.23 543653.16 33.65
183955.23 543563.16 36.70
183955.23 543473.16 32.78
183955.23 543383.16 31.99
183955.23 543293.16 29.30
183955.23 543203.16 28.11
183955.23 543113.16 26.26
183955.23 543023.16 23.66
183955.23 542933.16 22.85
183955.23 542843.16 21.00
183955.23 542753.16 20.09
183955.23 542663.16 19.93
183955.23 542573.16 21.49
183955.23 542483.16 19.91
183955.23 542393.16 19.85
183955.23 542303.16 28.50
183955.23 542213.16 40.93
183955.23 542123.16 40.97
183955.23 542033.16 27.25
183955.23 541943.16 19.91
183955.23 541853.16 18.10
183955.23 541763.16 22.22
183955.23 541673.16 38.11
183955.23 541583.16 38.70
183955.23 541493.16 57.59
183955.23 541403.16 57.34
183955.23 541313.16 26.22
183955.23 541223.16 21.28
183955.23 541133.16 22.43
183955.23 541043.16 20.91
183955.23 540953.16 21.11
183955.23 540863.16 22.43
183955.23 540773.16 41.81
183955.23 540683.16 36.04
183955.23 540593.16 24.85
183955.23 540503.16 27.39
183955.23 540413.16 33.30
183955.23 540323.16 38.79
183955.23 540233.16 40.85
183955.23 540143.16 53.40
183955.23 540053.16 64.22
183955.23 539963.16 68.87
183955.23 539873.16 54.09
183955.23 539783.16 41.21
183955.23 539693.16 41.34
183955.23 539603.16 38.50
184045.23 543833.16 54.71
184045.23 543743.16 41.22
184045.23 543653.16 32.24
184045.23 543563.16 32.05
184045.23 543473.16 32.68
184045.23 543383.16 30.54
184045.23 543293.16 30.01
184045.23 543203.16 29.08
184045.23 543113.16 32.25
184045.23 543023.16 31.39
184045.23 542933.16 28.65
184045.23 542843.16 22.64
184045.23 542753.16 20.87
184045.23 542663.16 18.74
184045.23 542573.16 18.60
184045.23 542483.16 18.26
184045.23 542393.16 18.27
184045.23 542303.16 21.73
184045.23 542213.16 25.08
184045.23 542123.16 22.36
184045.23 542033.16 17.85
184045.23 541943.16 16.72
184045.23 541853.16 16.99
184045.23 541763.16 17.92
184045.23 541673.16 23.65
184045.23 541583.16 25.22
184045.23 541493.16 36.26
184045.23 541403.16 43.46
184045.23 541313.16 31.72
184045.23 541223.16 24.45
184045.23 541133.16 20.60
184045.23 541043.16 18.83
184045.23 540953.16 19.36
184045.23 540863.16 22.09
184045.23 540773.16 27.20
184045.23 540683.16 23.09
184045.23 540593.16 22.65
184045.23 540503.16 31.89
184045.23 540413.16 34.77
184045.23 540323.16 38.20
184045.23 540233.16 40.21
184045.23 540143.16 50.81
184045.23 540053.16 63.83
184045.23 539963.16 79.52
184045.23 539873.16 60.23
184045.23 539783.16 51.28
184045.23 539693.16 43.49
184045.23 539603.16 35.87
184045.23 539513.16 30.96
184135.23 543923.16 70.05
184135.23 543833.16 57.24
184135.23 543743.16 45.45
184135.23 543653.16 32.16
184135.23 543563.16 30.11
184135.23 543473.16 36.51
184135.23 543383.16 37.77
184135.23 543293.16 34.82
184135.23 543203.16 32.51
184135.23 543113.16 37.49
184135.23 543023.16 40.88
184135.23 542933.16 35.50
184135.23 542843.16 30.83
184135.23 542753.16 20.72
184135.23 542663.16 18.40
184135.23 542573.16 17.91
184135.23 542483.16 17.60
184135.23 542393.16 17.77
184135.23 542303.16 17.40
184135.23 542213.16 17.27
184135.23 542123.16 19.56
184135.23 542033.16 16.15
184135.23 541943.16 15.67
184135.23 541853.16 16.16
184135.23 541763.16 17.06
184135.23 541673.16 16.93
184135.23 541583.16 20.40
184135.23 541493.16 28.24
184135.23 541403.16 33.53
184135.23 541313.16 42.02
184135.23 541223.16 34.31
184135.23 541133.16 22.53
184135.23 541043.16 18.30
184135.23 540953.16 18.24
184135.23 540863.16 19.85
184135.23 540773.16 19.66
184135.23 540683.16 19.59
184135.23 540593.16 22.62
184135.23 540503.16 26.99
184135.23 540413.16 28.62
184135.23 540323.16 33.78
184135.23 540233.16 39.67
184135.23 540143.16 45.64
184135.23 540053.16 56.36
184135.23 539963.16 71.20
184135.23 539873.16 66.56
184135.23 539783.16 63.93
184135.23 539693.16 50.41
184135.23 539603.16 36.19
184135.23 539513.16 30.73
184225.23 543923.16 55.54
184225.23 543833.16 47.21
184225.23 543743.16 38.78
184225.23 543653.16 31.09
184225.23 543563.16 29.32
184225.23 543473.16 41.04
184225.23 543383.16 41.73
184225.23 543293.16 37.35
184225.23 543203.16 40.79
184225.23 543113.16 43.13
184225.23 543023.16 43.69
184225.23 542933.16 36.53
184225.23 542843.16 35.76
184225.23 542753.16 20.86
184225.23 542663.16 18.85
184225.23 542573.16 18.86
184225.23 542483.16 18.37
184225.23 542393.16 17.82
184225.23 542303.16 17.72
184225.23 542213.16 20.37
184225.23 542123.16 19.20
184225.23 542033.16 17.47
184225.23 541943.16 17.27
184225.23 541853.16 16.90
184225.23 541763.16 16.35
184225.23 541673.16 16.36
184225.23 541583.16 16.72
184225.23 541493.16 20.19
184225.23 541403.16 21.06
184225.23 541313.16 35.36
184225.23 541223.16 43.82
184225.23 541133.16 28.57
184225.23 541043.16 18.47
184225.23 540953.16 17.50
184225.23 540863.16 18.03
184225.23 540773.16 20.29
184225.23 540683.16 28.68
184225.23 540593.16 36.65
184225.23 540503.16 29.06
184225.23 540413.16 28.60
184225.23 540323.16 42.58
184225.23 540233.16 56.37
184225.23 540143.16 52.05
184225.23 540053.16 61.52
184225.23 539963.16 77.83
184225.23 539873.16 75.82
184225.23 539783.16 60.49
184225.23 539693.16 48.32
184225.23 539603.16 39.44
184225.23 539513.16 32.22
184315.23 543923.16 55.68
184315.23 543833.16 42.47
184315.23 543743.16 33.32
184315.23 543653.16 28.55
184315.23 543563.16 29.38
184315.23 543473.16 36.60
184315.23 543383.16 38.14
184315.23 543293.16 35.69
184315.23 543203.16 39.33
184315.23 543113.16 36.20
184315.23 543023.16 33.91
184315.23 542933.16 30.11
184315.23 542843.16 29.34
184315.23 542753.16 21.84
184315.23 542663.16 21.67
184315.23 542573.16 22.77
184315.23 542483.16 24.34
184315.23 542393.16 22.17
184315.23 542303.16 21.56
184315.23 542213.16 23.83
184315.23 542123.16 20.17
184315.23 542033.16 19.97
184315.23 541943.16 20.56
184315.23 541853.16 18.98
184315.23 541763.16 17.10
184315.23 541673.16 16.21
184315.23 541583.16 15.83
184315.23 541493.16 15.60
184315.23 541403.16 15.49
184315.23 541313.16 20.05
184315.23 541223.16 25.78
184315.23 541133.16 20.84
184315.23 541043.16 16.65
184315.23 540953.16 16.69
184315.23 540863.16 16.59
184315.23 540773.16 22.50
184315.23 540683.16 28.21
184315.23 540593.16 31.32
184315.23 540503.16 30.05
184315.23 540413.16 31.55
184315.23 540323.16 45.40
184315.23 540233.16 42.59
184315.23 540143.16 42.43
184315.23 540053.16 55.34
184315.23 539963.16 71.09
184315.23 539873.16 62.90
184315.23 539783.16 61.75
184315.23 539693.16 62.61
184315.23 539603.16 47.47
184315.23 539513.16 35.63
184315.23 539423.16 38.56
184405.23 543833.16 39.00
184405.23 543743.16 30.60
184405.23 543653.16 26.65
184405.23 543563.16 26.98
184405.23 543473.16 30.00
184405.23 543383.16 33.12
184405.23 543293.16 34.32
184405.23 543203.16 34.29
184405.23 543113.16 31.10
184405.23 543023.16 29.07
184405.23 542933.16 28.27
184405.23 542843.16 30.71
184405.23 542753.16 23.60
184405.23 542663.16 23.47
184405.23 542303.16 26.33
184405.23 542213.16 26.34
184405.23 542123.16 23.66
184405.23 542033.16 23.29
184405.23 541943.16 29.04
184405.23 541853.16 29.80
184405.23 541763.16 23.32
184405.23 541673.16 18.73
184405.23 541583.16 17.16
184405.23 541493.16 16.25
184405.23 541403.16 15.10
184405.23 541313.16 15.91
184405.23 541223.16 14.98
184405.23 541133.16 15.20
184405.23 541043.16 15.39
184405.23 540953.16 16.21
184405.23 540863.16 15.61
184405.23 540773.16 19.22
184405.23 540683.16 20.99
184405.23 540593.16 23.51
184405.23 540503.16 28.85
184405.23 540413.16 33.58
184405.23 540323.16 34.08
184405.23 540233.16 26.99
184405.23 540143.16 34.86
184405.23 540053.16 43.97
184405.23 539963.16 52.69
184405.23 539873.16 44.68
184405.23 539783.16 58.80
184405.23 539693.16 53.88
184405.23 539603.16 44.01
184405.23 539513.16 32.39
184405.23 539423.16 34.24
184495.23 543743.16 29.44
184495.23 543653.16 23.80
184495.23 543563.16 23.26
184495.23 543473.16 29.05
184495.23 543383.16 32.68
184495.23 543293.16 33.98
184495.23 543203.16 35.41
184495.23 543113.16 34.23
184495.23 543023.16 31.70
184495.23 542933.16 34.84
184495.23 542303.16 32.54
184495.23 542213.16 32.09
184495.23 542123.16 27.12
184495.23 542033.16 27.40
184495.23 541943.16 40.86
184495.23 541853.16 42.73
184495.23 541763.16 29.76
184495.23 541673.16 22.44
184495.23 541583.16 19.46
184495.23 541493.16 19.59
184495.23 541403.16 16.45
184495.23 541313.16 16.13
184495.23 541223.16 14.79
184495.23 541133.16 14.10
184495.23 541043.16 14.95
184495.23 540953.16 15.70
184495.23 540863.16 15.09
184495.23 540773.16 16.46
184495.23 540683.16 20.38
184495.23 540593.16 23.77
184495.23 540503.16 33.62
184495.23 540413.16 28.49
184495.23 540323.16 24.95
184495.23 540233.16 23.36
184495.23 540143.16 28.56
184495.23 540053.16 35.70
184495.23 539963.16 41.55
184495.23 539873.16 34.85
184495.23 539783.16 39.33
184495.23 539693.16 34.60
184495.23 539603.16 31.65
184495.23 539513.16 26.81
184585.23 543653.16 22.34
184585.23 543563.16 21.86
184585.23 543473.16 31.55
184585.23 543383.16 36.44
184585.23 543293.16 38.97
184585.23 543203.16 40.35
184585.23 542303.16 43.26
184585.23 542213.16 40.53
184585.23 542123.16 32.70
184585.23 542033.16 35.48
184585.23 541943.16 44.36
184585.23 541853.16 47.35
184585.23 541763.16 37.49
184585.23 541673.16 27.34
184585.23 541583.16 25.88
184585.23 541493.16 26.97
184585.23 541403.16 23.11
184585.23 541313.16 16.70
184585.23 541223.16 16.00
184585.23 541133.16 14.85
184585.23 541043.16 15.26
184585.23 540953.16 14.42
184585.23 540863.16 14.94
184585.23 540773.16 16.13
184585.23 540683.16 19.87
184585.23 540593.16 22.79
184585.23 540503.16 26.93
184585.23 540413.16 23.43
184585.23 540323.16 22.67
184585.23 540233.16 23.84
184585.23 540143.16 28.25
184585.23 540053.16 34.88
184585.23 539963.16 41.11
184585.23 539873.16 32.58
184585.23 539783.16 29.55
184585.23 539693.16 27.59
184585.23 539603.16 26.03
184585.23 539513.16 27.25
184675.23 542303.16 53.27
184675.23 542213.16 52.33
184675.23 542123.16 40.42
184675.23 542033.16 45.89
184675.23 541943.16 59.14
184675.23 541853.16 66.08
184675.23 541763.16 48.88
184675.23 541673.16 43.13
184675.23 541583.16 42.81
184675.23 541493.16 41.10
184675.23 541403.16 30.07
184675.23 541313.16 17.72
184675.23 541223.16 16.65
184675.23 541133.16 15.92
184675.23 541043.16 15.57
184675.23 540953.16 13.25
184675.23 540863.16 14.68
184675.23 540773.16 15.90
184675.23 540683.16 17.00
184675.23 540593.16 19.83
184675.23 540503.16 20.76
184675.23 540413.16 21.41
184675.23 540323.16 24.17
184675.23 540233.16 32.36
184675.23 540143.16 38.58
184675.23 540053.16 46.18
184675.23 539963.16 55.25
184675.23 539873.16 42.67
184675.23 539783.16 38.33
184675.23 539693.16 35.90
184675.23 539603.16 29.33
184765.23 542393.16 62.98
184765.23 542303.16 71.75
184765.23 542213.16 70.39
184765.23 542123.16 47.86
184765.23 542033.16 62.84
184765.23 541943.16 80.55
184765.23 541853.16 87.79
184765.23 541763.16 62.54
184765.23 541673.16 58.45
184765.23 541583.16 69.97
184765.23 541493.16 57.75
184765.23 541403.16 36.43
184765.23 541313.16 18.67
184765.23 541223.16 16.82
184765.23 541133.16 16.46
184765.23 541043.16 15.08
184765.23 540953.16 14.03
184765.23 540863.16 14.16
184765.23 540773.16 14.97
184765.23 540683.16 15.41
184765.23 540593.16 16.96
184765.23 540503.16 19.38
184765.23 540413.16 27.57
184765.23 540323.16 39.24
184765.23 540233.16 50.05
184765.23 540143.16 64.99
184765.23 540053.16 72.10
184765.23 539963.16 68.36
184765.23 539873.16 63.12
184765.23 539783.16 59.23
184765.23 539693.16 53.85
184855.23 542393.16 81.78
184855.23 542303.16 92.06
184855.23 542213.16 90.79
184855.23 542123.16 56.90
184855.23 542033.16 95.33
184855.23 541943.16 113.82
184855.23 541853.16 107.41
184855.23 541763.16 69.30
184855.23 541673.16 51.39
184855.23 541583.16 58.27
184855.23 541493.16 46.57
184855.23 541403.16 30.63
184855.23 541313.16 18.52
184855.23 541223.16 17.06
184855.23 541133.16 16.59
184855.23 541043.16 15.24
184855.23 540953.16 14.99
184855.23 540863.16 13.49
184855.23 540773.16 14.32
184855.23 540683.16 15.00
184855.23 540593.16 15.96
184855.23 540503.16 29.63
184855.23 540413.16 43.30
184855.23 540323.16 61.02
184855.23 540233.16 62.14
184855.23 540143.16 71.17
184855.23 540053.16 78.50
184855.23 539963.16 76.79
184855.23 539873.16 92.52
184945.23 542393.16 105.15
184945.23 542303.16 115.70
184945.23 542213.16 97.56
184945.23 542123.16 66.25
184945.23 542033.16 102.51
184945.23 541943.16 110.77
184945.23 541853.16 98.21
184945.23 541763.16 74.86
184945.23 541673.16 46.51
184945.23 541583.16 37.98
184945.23 541493.16 31.62
184945.23 541403.16 25.29
184945.23 541313.16 20.99
184945.23 541223.16 20.71
184945.23 541133.16 17.59
184945.23 541043.16 15.04
184945.23 540953.16 14.36
184945.23 540863.16 13.58
184945.23 540773.16 13.84
184945.23 540683.16 14.86
184945.23 540593.16 16.29
184945.23 540503.16 26.84
184945.23 540413.16 40.88
184945.23 540323.16 48.86
184945.23 540233.16 48.11
184945.23 540143.16 50.77
184945.23 540053.16 56.90
185035.23 542393.16 106.30
185035.23 542303.16 100.06
185035.23 542213.16 86.64
185035.23 542123.16 77.55
185035.23 542033.16 98.45
185035.23 541943.16 83.01
185035.23 541853.16 70.46
185035.23 541763.16 60.50
185035.23 541673.16 48.61
185035.23 541583.16 45.97
185035.23 541493.16 55.43
185035.23 541403.16 49.81
185035.23 541313.16 55.19
185035.23 541223.16 52.55
185035.23 541133.16 36.14
185035.23 541043.16 23.95
185035.23 540953.16 18.63
185035.23 540863.16 14.55
185035.23 540773.16 14.21
185035.23 540683.16 14.68
185035.23 540593.16 25.46
185035.23 540503.16 28.22
185035.23 540413.16 27.52
185035.23 540323.16 25.39
185125.23 542393.16 93.27
185125.23 542303.16 86.55
185125.23 542213.16 92.68
185125.23 542123.16 85.99
185125.23 542033.16 85.79
185125.23 541943.16 72.26
185125.23 541853.16 54.18
185125.23 541763.16 49.59
185125.23 541673.16 44.86
185125.23 541583.16 43.66
185125.23 541493.16 53.33
185125.23 541403.16 56.60
185125.23 541313.16 62.81
185125.23 541223.16 50.61
185125.23 541133.16 35.34
185125.23 541043.16 24.53
185125.23 540953.16 18.66
185125.23 540863.16 15.04
185125.23 540773.16 14.21
185125.23 540683.16 12.94
185125.23 540593.16 20.04
185125.23 540503.16 21.50
185215.23 542393.16 78.06
185215.23 542303.16 71.25
185215.23 542213.16 83.70
185215.23 542123.16 77.36
185215.23 542033.16 67.96
185215.23 541943.16 76.57
185215.23 541853.16 58.13
185215.23 541763.16 46.87
185215.23 541673.16 36.77
185215.23 541583.16 31.92
185215.23 541493.16 32.58
185215.23 541403.16 37.60
185215.23 541313.16 54.97
185215.23 541223.16 40.29
185215.23 541133.16 30.90
185215.23 541043.16 23.09
185215.23 540953.16 18.13
185215.23 540863.16 15.68
185215.23 540773.16 14.51
185305.23 542393.16 73.68
185305.23 542303.16 62.70
185305.23 542213.16 54.77
185305.23 542123.16 52.20
185305.23 542033.16 57.78
185305.23 541943.16 71.23
185305.23 541853.16 60.04
185305.23 541763.16 54.97
185305.23 541673.16 44.51
185305.23 541583.16 37.61
185305.23 541493.16 27.18
185305.23 541403.16 24.11
185305.23 541313.16 49.27
185305.23 541223.16 44.16
185305.23 541133.16 43.44
185305.23 541043.16 31.83
185305.23 540953.16 27.02
185395.23 542393.16 67.09
185395.23 542303.16 52.11
185395.23 542213.16 45.30
185395.23 542123.16 33.48
185395.23 542033.16 47.98
185395.23 541943.16 53.74
185395.23 541853.16 49.65
185395.23 541763.16 52.80
185395.23 541673.16 37.69
185395.23 541583.16 37.10
185395.23 541493.16 35.85
185395.23 541403.16 22.30
185395.23 541313.16 32.98
185395.23 541223.16 31.85
185395.23 541133.16 46.63
185485.23 542303.16 36.22
185485.23 542213.16 32.28
185485.23 542123.16 23.95
185485.23 542033.16 41.62
185485.23 541943.16 38.01
185485.23 541853.16 34.19
185485.23 541763.16 34.48
185485.23 541673.16 25.03
185485.23 541583.16 27.14
185485.23 541493.16 39.54
185485.23 541403.16 24.33
185575.23 542303.16 27.29
185575.23 542213.16 22.93
185575.23 542123.16 21.05
185575.23 542033.16 29.81
185575.23 541943.16 27.73
185575.23 541853.16 26.00
185575.23 541763.16 23.57
185575.23 541673.16 18.63
185575.23 541583.16 20.58
185665.23 542123.16 20.68
185665.23 542033.16 23.27
185665.23 541943.16 23.87
185665.23 541853.16 23.88
