176773.88 543641.53 16.39
176773.88 543551.53 17.45
176773.88 543461.53 18.12
176773.88 543371.53 18.14
176773.88 543281.53 19.47
176773.88 543191.53 21.72
176863.88 544541.53 11.71
176863.88 544451.53 12.47
176863.88 544361.53 11.71
176863.88 544271.53 12.97
176863.88 544181.53 11.51
176863.88 544091.53 11.16
176863.88 544001.53 10.62
176863.88 543911.53 12.43
176863.88 543821.53 13.34
176863.88 543731.53 16.55
176863.88 543641.53 16.96
176863.88 543551.53 17.72
176863.88 543461.53 18.00
176863.88 543371.53 17.54
176863.88 543281.53 19.19
176863.88 543191.53 20.76
176863.88 543101.53 22.36
176863.88 543011.53 24.56
176953.88 545351.53 10.38
176953.88 545261.53 8.68
176953.88 545171.53 11.03
176953.88 545081.53 9.90
176953.88 544991.53 9.90
176953.88 544901.53 10.04
176953.88 544811.53 10.17
176953.88 544721.53 10.29
176953.88 544631.53 10.36
176953.88 544541.53 10.62
176953.88 544451.53 10.89
176953.88 544361.53 10.83
176953.88 544271.53 11.09
176953.88 544181.53 12.61
176953.88 544091.53 12.44
176953.88 544001.53 11.41
176953.88 543911.53 14.64
176953.88 543821.53 15.59
176953.88 543731.53 16.64
176953.88 543641.53 17.29
176953.88 543551.53 16.92
176953.88 543461.53 15.72
176953.88 543371.53 16.60
176953.88 543281.53 18.89
176953.88 543191.53 20.08
176953.88 543101.53 21.41
176953.88 543011.53 23.94
176953.88 542921.53 23.62
177043.88 546251.53 11.08
177043.88 546161.53 11.14
177043.88 546071.53 6.12
177043.88 545981.53 10.86
177043.88 545891.53 10.47
177043.88 545801.53 11.03
177043.88 545711.53 11.04
177043.88 545621.53 10.96
177043.88 545531.53 10.04
177043.88 545441.53 11.58
177043.88 545351.53 11.11
177043.88 545261.53 8.76
177043.88 545171.53 10.17
177043.88 545081.53 10.55
177043.88 544991.53 10.41
177043.88 544901.53 10.75
177043.88 544811.53 10.73
177043.88 544721.53 10.68
177043.88 544631.53 10.69
177043.88 544541.53 11.18
177043.88 544451.53 11.25
177043.88 544361.53 11.47
177043.88 544271.53 11.30
177043.88 544181.53 14.33
177043.88 544091.53 13.22
177043.88 544001.53 12.93
177043.88 543911.53 14.80
177043.88 543821.53 16.61
177043.88 543731.53 16.40
177043.88 543641.53 15.68
177043.88 543551.53 15.30
177043.88 543461.53 15.38
177043.88 543371.53 17.44
177043.88 543281.53 17.70
177043.88 543191.53 19.95
177043.88 543101.53 21.88
177043.88 543011.53 22.11
177043.88 542921.53 21.01
177043.88 542831.53 19.55
177133.88 546341.53 10.80
177133.88 546251.53 7.57
177133.88 546161.53 4.72
177133.88 546071.53 8.81
177133.88 545981.53 10.26
177133.88 545891.53 10.30
177133.88 545801.53 10.39
177133.88 545711.53 10.50
177133.88 545621.53 10.30
177133.88 545531.53 10.22
177133.88 545441.53 10.62
177133.88 545351.53 10.54
177133.88 545261.53 8.61
177133.88 545171.53 9.22
177133.88 545081.53 9.98
177133.88 544991.53 11.11
177133.88 544901.53 11.11
177133.88 544811.53 11.60
177133.88 544721.53 12.10
177133.88 544631.53 11.28
177133.88 544541.53 11.10
177133.88 544451.53 11.53
177133.88 544361.53 11.81
177133.88 544271.53 12.81
177133.88 544181.53 13.32
177133.88 544091.53 13.57
177133.88 544001.53 13.72
177133.88 543911.53 14.13
177133.88 543821.53 14.52
177133.88 543731.53 14.52
177133.88 543641.53 14.47
177133.88 543551.53 14.59
177133.88 543461.53 15.77
177133.88 543371.53 16.87
177133.88 543281.53 17.41
177133.88 543191.53 18.77
177133.88 543101.53 18.95
177133.88 543011.53 18.04
177133.88 542921.53 17.54
177133.88 542831.53 16.68
177223.88 546521.53 8.64
177223.88 546431.53 9.42
177223.88 546341.53 10.82
177223.88 546251.53 4.34
177223.88 546161.53 3.46
177223.88 546071.53 9.42
177223.88 545981.53 10.15
177223.88 545891.53 10.22
177223.88 545801.53 10.22
177223.88 545711.53 10.40
177223.88 545621.53 12.32
177223.88 545531.53 12.00
177223.88 545441.53 11.28
177223.88 545351.53 11.17
177223.88 545261.53 10.04
177223.88 545171.53 14.39
177223.88 545081.53 11.95
177223.88 544991.53 15.47
177223.88 544901.53 10.35
177223.88 544811.53 11.55
177223.88 544721.53 11.57
177223.88 544631.53 11.06
177223.88 544541.53 10.94
177223.88 544451.53 11.38
177223.88 544361.53 12.38
177223.88 544271.53 13.22
177223.88 544181.53 12.48
177223.88 544091.53 12.73
177223.88 544001.53 12.86
177223.88 543911.53 13.15
177223.88 543821.53 13.12
177223.88 543731.53 13.25
177223.88 543641.53 13.49
177223.88 543551.53 13.81
177223.88 543461.53 14.68
177223.88 543371.53 15.42
177223.88 543281.53 16.11
177223.88 543191.53 17.07
177223.88 543101.53 16.40
177223.88 543011.53 15.46
177223.88 542921.53 15.85
177223.88 542831.53 15.93
177313.88 546611.53 11.08
177313.88 546521.53 7.72
177313.88 546431.53 9.08
177313.88 546341.53 11.18
177313.88 546251.53 4.58
177313.88 546161.53 3.44
177313.88 546071.53 8.76
177313.88 545981.53 10.29
177313.88 545891.53 9.86
177313.88 545801.53 10.07
177313.88 545711.53 10.86
177313.88 545621.53 11.89
177313.88 545531.53 11.69
177313.88 545441.53 11.38
177313.88 545351.53 11.34
177313.88 545261.53 10.28
177313.88 545171.53 11.93
177313.88 545081.53 12.55
177313.88 544991.53 12.06
177313.88 544901.53 11.23
177313.88 544811.53 14.51
177313.88 544721.53 10.54
177313.88 544631.53 12.29
177313.88 544541.53 12.31
177313.88 544451.53 12.48
177313.88 544361.53 13.17
177313.88 544271.53 12.99
177313.88 544181.53 11.87
177313.88 544091.53 11.99
177313.88 544001.53 12.54
177313.88 543911.53 13.02
177313.88 543821.53 12.93
177313.88 543731.53 12.92
177313.88 543641.53 13.01
177313.88 543551.53 13.27
177313.88 543461.53 13.46
177313.88 543371.53 13.71
177313.88 543281.53 15.48
177313.88 543191.53 15.75
177313.88 543101.53 14.73
177313.88 543011.53 14.40
177313.88 542921.53 15.09
177313.88 542831.53 15.34
177313.88 542741.53 18.37
177403.88 546611.53 9.32
177403.88 546521.53 7.52
177403.88 546431.53 8.88
177403.88 546341.53 11.09
177403.88 546251.53 3.90
177403.88 546161.53 10.49
177403.88 546071.53 9.34
177403.88 545981.53 9.66
177403.88 545891.53 9.55
177403.88 545801.53 9.79
177403.88 545711.53 10.87
177403.88 545621.53 12.15
177403.88 545531.53 12.05
177403.88 545441.53 12.27
177403.88 545351.53 11.79
177403.88 545261.53 10.39
177403.88 545171.53 13.24
177403.88 545081.53 11.73
177403.88 544991.53 10.80
177403.88 544901.53 11.26
177403.88 544811.53 11.57
177403.88 544721.53 10.35
177403.88 544631.53 12.40
177403.88 544541.53 12.36
177403.88 544451.53 13.21
177403.88 544361.53 12.88
177403.88 544271.53 11.97
177403.88 544181.53 12.04
177403.88 544091.53 12.00
177403.88 544001.53 12.68
177403.88 543911.53 12.56
177403.88 543821.53 13.05
177403.88 543731.53 13.09
177403.88 543641.53 13.04
177403.88 543551.53 13.41
177403.88 543461.53 13.20
177403.88 543371.53 14.41
177403.88 543281.53 14.52
177403.88 543191.53 14.88
177403.88 543101.53 14.65
177403.88 543011.53 14.87
177403.88 542921.53 14.95
177403.88 542831.53 15.20
177403.88 542741.53 16.69
177493.88 546701.53 10.41
177493.88 546611.53 9.60
177493.88 546521.53 8.59
177493.88 546431.53 8.92
177493.88 546341.53 13.05
177493.88 546251.53 6.74
177493.88 546161.53 6.59
177493.88 546071.53 6.42
177493.88 545981.53 9.40
177493.88 545891.53 9.52
177493.88 545801.53 10.78
177493.88 545711.53 10.93
177493.88 545621.53 11.69
177493.88 545531.53 12.55
177493.88 545441.53 12.67
177493.88 545351.53 12.54
177493.88 545261.53 11.00
177493.88 545171.53 12.05
177493.88 545081.53 11.48
177493.88 544991.53 10.57
177493.88 544901.53 10.86
177493.88 544811.53 10.86
177493.88 544721.53 10.64
177493.88 544631.53 11.59
177493.88 544541.53 11.82
177493.88 544451.53 13.07
177493.88 544361.53 12.92
177493.88 544271.53 12.56
177493.88 544181.53 11.37
177493.88 544091.53 11.55
177493.88 544001.53 11.90
177493.88 543911.53 11.98
177493.88 543821.53 12.31
177493.88 543731.53 12.46
177493.88 543641.53 12.59
177493.88 543551.53 12.61
177493.88 543461.53 14.10
177493.88 543371.53 15.11
177493.88 543281.53 14.04
177493.88 543191.53 13.80
177493.88 543101.53 14.09
177493.88 543011.53 14.24
177493.88 542921.53 14.59
177493.88 542831.53 14.99
177493.88 542741.53 16.00
177583.88 546701.53 9.32
177583.88 546611.53 9.31
177583.88 546521.53 9.06
177583.88 546431.53 9.06
177583.88 546341.53 10.02
177583.88 546251.53 9.29
177583.88 546161.53 6.99
177583.88 546071.53 5.51
177583.88 545981.53 9.46
177583.88 545891.53 9.36
177583.88 545801.53 10.59
177583.88 545711.53 10.94
177583.88 545621.53 11.29
177583.88 545531.53 11.79
177583.88 545441.53 12.45
177583.88 545351.53 12.62
177583.88 545261.53 11.91
177583.88 545171.53 11.57
177583.88 545081.53 10.86
177583.88 544991.53 10.69
177583.88 544901.53 10.85
177583.88 544811.53 10.44
177583.88 544721.53 10.16
177583.88 544631.53 10.55
177583.88 544541.53 10.63
177583.88 544451.53 11.12
177583.88 544361.53 11.31
177583.88 544271.53 11.50
177583.88 544181.53 11.73
177583.88 544091.53 12.18
177583.88 544001.53 12.34
177583.88 543911.53 12.56
177583.88 543821.53 12.99
177583.88 543731.53 13.10
177583.88 543641.53 13.03
177583.88 543551.53 12.83
177583.88 543461.53 14.12
177583.88 543371.53 14.48
177583.88 543281.53 13.72
177583.88 543191.53 13.25
177583.88 543101.53 15.05
177583.88 543011.53 15.33
177583.88 542921.53 14.58
177583.88 542831.53 14.63
177583.88 542741.53 14.92
177673.88 546701.53 10.32
177673.88 546611.53 10.34
177673.88 546521.53 9.85
177673.88 546431.53 10.22
177673.88 546341.53 9.51
177673.88 546251.53 9.46
177673.88 546161.53 4.76
177673.88 546071.53 5.44
177673.88 545981.53 9.74
177673.88 545891.53 10.48
177673.88 545801.53 9.93
177673.88 545711.53 11.18
177673.88 545621.53 11.68
177673.88 545531.53 11.77
177673.88 545441.53 12.25
177673.88 545351.53 11.64
177673.88 545261.53 10.41
177673.88 545171.53 9.80
177673.88 545081.53 9.87
177673.88 544991.53 10.00
177673.88 544901.53 10.55
177673.88 544811.53 10.30
177673.88 544721.53 11.22
177673.88 544631.53 10.80
177673.88 544541.53 11.01
177673.88 544451.53 12.19
177673.88 544361.53 12.37
177673.88 544271.53 12.47
177673.88 544181.53 12.19
177673.88 544091.53 12.40
177673.88 544001.53 12.39
177673.88 543911.53 12.53
177673.88 543821.53 12.83
177673.88 543731.53 12.94
177673.88 543641.53 12.94
177673.88 543551.53 13.03
177673.88 543461.53 13.70
177673.88 543371.53 13.96
177673.88 543281.53 13.94
177673.88 543191.53 13.03
177673.88 543101.53 14.55
177673.88 543011.53 14.42
177673.88 542921.53 14.35
177673.88 542831.53 14.80
177673.88 542741.53 15.08
177763.88 546701.53 10.49
177763.88 546611.53 10.49
177763.88 546521.53 10.22
177763.88 546431.53 10.47
177763.88 546341.53 9.53
177763.88 546251.53 9.68
177763.88 546161.53 4.28
177763.88 546071.53 5.43
177763.88 545981.53 9.31
177763.88 545891.53 10.28
177763.88 545801.53 9.25
177763.88 545711.53 9.38
177763.88 545621.53 9.80
177763.88 545531.53 10.71
177763.88 545441.53 11.05
177763.88 545351.53 10.84
177763.88 545261.53 9.86
177763.88 545171.53 9.46
177763.88 545081.53 9.63
177763.88 544991.53 9.77
177763.88 544901.53 10.73
177763.88 544811.53 10.97
177763.88 544721.53 11.17
177763.88 544631.53 10.73
177763.88 544541.53 11.15
177763.88 544451.53 12.29
177763.88 544361.53 12.57
177763.88 544271.53 12.62
177763.88 544181.53 12.22
177763.88 544091.53 13.39
177763.88 544001.53 13.74
177763.88 543911.53 13.69
177763.88 543821.53 13.20
177763.88 543731.53 13.23
177763.88 543641.53 13.17
177763.88 543551.53 12.98
177763.88 543461.53 13.96
177763.88 543371.53 14.00
177763.88 543281.53 13.98
177763.88 543191.53 13.12
177763.88 543101.53 20.62
177763.88 543011.53 12.76
177763.88 542921.53 13.06
177763.88 542831.53 14.11
177763.88 542741.53 15.58
177853.88 546611.53 9.48
177853.88 546521.53 9.40
177853.88 546431.53 9.38
177853.88 546341.53 9.06
177853.88 546251.53 5.63
177853.88 546161.53 8.72
177853.88 546071.53 8.49
177853.88 545981.53 8.81
177853.88 545891.53 9.18
177853.88 545801.53 8.94
177853.88 545711.53 10.34
177853.88 545621.53 10.95
177853.88 545531.53 11.11
177853.88 545441.53 10.37
177853.88 545351.53 10.16
177853.88 545261.53 9.82
177853.88 545171.53 8.56
177853.88 545081.53 9.83
177853.88 544991.53 9.46
177853.88 544901.53 10.77
177853.88 544811.53 10.70
177853.88 544721.53 10.65
177853.88 544631.53 10.34
177853.88 544541.53 11.44
177853.88 544451.53 11.59
177853.88 544361.53 12.20
177853.88 544271.53 12.07
177853.88 544181.53 12.28
177853.88 544091.53 12.92
177853.88 544001.53 13.51
177853.88 543911.53 13.49
177853.88 543821.53 12.65
177853.88 543731.53 12.96
177853.88 543641.53 12.78
177853.88 543551.53 12.50
177853.88 543461.53 13.74
177853.88 543371.53 14.02
177853.88 543281.53 13.70
177853.88 543191.53 13.51
177853.88 543101.53 15.97
177853.88 543011.53 14.77
177853.88 542921.53 15.41
177853.88 542831.53 14.25
177853.88 542741.53 15.55
177943.88 546611.53 9.78
177943.88 546521.53 10.33
177943.88 546431.53 10.16
177943.88 546341.53 9.42
177943.88 546251.53 3.82
177943.88 546161.53 9.16
177943.88 546071.53 8.90
177943.88 545981.53 8.76
177943.88 545891.53 8.89
177943.88 545801.53 9.04
177943.88 545711.53 10.36
177943.88 545621.53 10.76
177943.88 545531.53 10.33
177943.88 545441.53 10.03
177943.88 545351.53 9.48
177943.88 545261.53 9.77
177943.88 545171.53 9.26
177943.88 545081.53 9.57
177943.88 544991.53 9.54
177943.88 544901.53 10.60
177943.88 544811.53 10.83
177943.88 544721.53 11.17
177943.88 544631.53 10.49
177943.88 544541.53 11.46
177943.88 544451.53 11.23
177943.88 544361.53 11.54
177943.88 544271.53 11.24
177943.88 544181.53 12.15
177943.88 544091.53 12.45
177943.88 544001.53 12.50
177943.88 543911.53 12.65
177943.88 543821.53 12.70
177943.88 543731.53 12.74
177943.88 543641.53 12.63
177943.88 543551.53 12.08
177943.88 543461.53 13.06
177943.88 543371.53 13.32
177943.88 543281.53 13.54
177943.88 543191.53 13.96
177943.88 543101.53 15.20
177943.88 543011.53 15.27
177943.88 542921.53 16.02
177943.88 542831.53 15.50
177943.88 542741.53 15.76
178033.88 546611.53 9.61
178033.88 546521.53 10.49
178033.88 546431.53 10.60
178033.88 546341.53 9.09
178033.88 546251.53 7.31
178033.88 546161.53 9.04
178033.88 546071.53 8.93
178033.88 545981.53 8.76
178033.88 545891.53 8.82
178033.88 545801.53 10.39
178033.88 545711.53 10.55
178033.88 545621.53 10.13
178033.88 545531.53 10.14
178033.88 545441.53 9.84
178033.88 545351.53 9.20
178033.88 545261.53 9.29
178033.88 545171.53 9.45
178033.88 545081.53 9.63
178033.88 544991.53 9.65
178033.88 544901.53 10.21
178033.88 544811.53 10.12
178033.88 544721.53 10.24
178033.88 544631.53 10.36
178033.88 544541.53 11.24
178033.88 544451.53 11.18
178033.88 544361.53 11.61
178033.88 544271.53 11.48
178033.88 544181.53 12.24
178033.88 544091.53 12.48
178033.88 544001.53 12.46
178033.88 543911.53 12.44
178033.88 543821.53 12.59
178033.88 543731.53 12.68
178033.88 543641.53 12.61
178033.88 543551.53 11.97
178033.88 543461.53 12.72
178033.88 543371.53 13.54
178033.88 543281.53 13.52
178033.88 543191.53 14.59
178033.88 543101.53 16.59
178033.88 543011.53 16.76
178033.88 542921.53 17.14
178033.88 542831.53 16.67
178033.88 542741.53 17.30
178033.88 542651.53 17.47
178123.88 546611.53 7.00
178123.88 546521.53 8.97
178123.88 546431.53 9.61
178123.88 546341.53 5.55
178123.88 546251.53 9.57
178123.88 546161.53 9.17
178123.88 546071.53 8.97
178123.88 545981.53 8.90
178123.88 545891.53 8.74
178123.88 545801.53 10.58
178123.88 545711.53 10.64
178123.88 545621.53 9.59
178123.88 545531.53 10.26
178123.88 545441.53 10.27
178123.88 545351.53 9.30
178123.88 545261.53 9.15
178123.88 545171.53 9.30
178123.88 545081.53 9.54
178123.88 544991.53 9.67
178123.88 544901.53 10.60
178123.88 544811.53 10.09
178123.88 544721.53 10.00
178123.88 544631.53 10.12
178123.88 544541.53 11.16
178123.88 544451.53 11.22
178123.88 544361.53 11.15
178123.88 544271.53 11.93
178123.88 544181.53 12.34
178123.88 544091.53 12.49
178123.88 544001.53 12.08
178123.88 543911.53 12.58
178123.88 543821.53 12.10
178123.88 543731.53 12.52
178123.88 543641.53 11.85
178123.88 543551.53 11.83
178123.88 543461.53 12.76
178123.88 543371.53 12.64
178123.88 543281.53 13.31
178123.88 543191.53 15.22
178123.88 543101.53 18.21
178123.88 543011.53 18.31
178123.88 542921.53 16.97
178123.88 542831.53 17.48
178123.88 542741.53 18.25
178123.88 542651.53 19.09
178213.88 546611.53 5.37
178213.88 546521.53 6.74
178213.88 546431.53 9.05
178213.88 546341.53 4.36
178213.88 546251.53 9.80
178213.88 546161.53 9.63
178213.88 546071.53 9.41
178213.88 545981.53 9.23
178213.88 545891.53 8.84
178213.88 545801.53 10.08
178213.88 545711.53 9.43
178213.88 545621.53 9.22
178213.88 545531.53 10.50
178213.88 545441.53 10.55
178213.88 545351.53 9.39
178213.88 545261.53 9.29
178213.88 545171.53 9.30
178213.88 545081.53 9.38
178213.88 544991.53 9.43
178213.88 544901.53 10.27
178213.88 544811.53 10.50
178213.88 544721.53 9.90
178213.88 544631.53 10.29
178213.88 544541.53 10.95
178213.88 544451.53 11.13
178213.88 544361.53 10.97
178213.88 544271.53 11.15
178213.88 544181.53 12.16
178213.88 544091.53 12.28
178213.88 544001.53 11.87
178213.88 543911.53 12.01
178213.88 543821.53 12.24
178213.88 543731.53 12.42
178213.88 543641.53 11.66
178213.88 543551.53 11.54
178213.88 543461.53 11.83
178213.88 543371.53 12.12
178213.88 543281.53 13.33
178213.88 543191.53 15.33
178213.88 543101.53 19.57
178213.88 543011.53 22.17
178213.88 542921.53 20.74
178213.88 542831.53 22.07
178213.88 542741.53 20.09
178213.88 542651.53 20.53
178303.88 546611.53 5.14
178303.88 546521.53 5.40
178303.88 546431.53 8.83
178303.88 546341.53 7.63
178303.88 546251.53 10.76
178303.88 546161.53 10.23
178303.88 546071.53 10.09
178303.88 545981.53 10.15
178303.88 545891.53 9.86
178303.88 545801.53 10.62
178303.88 545711.53 10.25
178303.88 545621.53 9.38
178303.88 545531.53 10.42
178303.88 545441.53 10.43
178303.88 545351.53 9.31
178303.88 545261.53 9.10
178303.88 545171.53 9.41
178303.88 545081.53 9.83
178303.88 544991.53 9.71
178303.88 544901.53 9.77
178303.88 544811.53 10.72
178303.88 544721.53 9.80
178303.88 544631.53 9.96
178303.88 544541.53 10.42
178303.88 544451.53 10.75
178303.88 544361.53 10.75
178303.88 544271.53 11.17
178303.88 544181.53 12.16
178303.88 544091.53 12.05
178303.88 544001.53 11.53
178303.88 543911.53 11.25
178303.88 543821.53 11.35
178303.88 543731.53 11.46
178303.88 543641.53 12.38
178303.88 543551.53 11.94
178303.88 543461.53 12.44
178303.88 543371.53 13.04
178303.88 543281.53 13.82
178303.88 543191.53 15.04
178303.88 543101.53 20.53
178303.88 543011.53 24.60
178303.88 542921.53 30.93
178303.88 542831.53 31.74
178303.88 542741.53 23.67
178303.88 542651.53 21.99
178393.88 546611.53 5.11
178393.88 546521.53 5.17
178393.88 546431.53 5.88
178393.88 546341.53 10.44
178393.88 546251.53 11.66
178393.88 546161.53 10.69
178393.88 546071.53 10.03
178393.88 545981.53 10.08
178393.88 545891.53 9.79
178393.88 545801.53 10.68
178393.88 545711.53 9.97
178393.88 545621.53 9.41
178393.88 545531.53 10.51
178393.88 545441.53 10.39
178393.88 545351.53 9.32
178393.88 545261.53 9.15
178393.88 545171.53 9.34
178393.88 545081.53 9.99
178393.88 544991.53 9.84
178393.88 544901.53 9.71
178393.88 544811.53 10.84
178393.88 544721.53 9.93
178393.88 544631.53 10.08
178393.88 544541.53 10.32
178393.88 544451.53 10.77
178393.88 544361.53 11.14
178393.88 544271.53 12.17
178393.88 544181.53 11.10
178393.88 544091.53 11.17
178393.88 544001.53 11.83
178393.88 543911.53 11.99
178393.88 543821.53 13.02
178393.88 543731.53 12.91
178393.88 543641.53 13.23
178393.88 543551.53 12.82
178393.88 543461.53 12.64
178393.88 543371.53 13.17
178393.88 543281.53 13.67
178393.88 543191.53 14.82
178393.88 543101.53 20.19
178393.88 543011.53 28.01
178393.88 542921.53 32.03
178393.88 542831.53 28.47
178393.88 542741.53 26.70
178393.88 542651.53 22.75
178483.88 546611.53 5.03
178483.88 546521.53 5.08
178483.88 546431.53 5.60
178483.88 546341.53 10.15
178483.88 546251.53 11.83
178483.88 546161.53 11.52
178483.88 546071.53 9.94
178483.88 545981.53 10.24
178483.88 545891.53 9.66
178483.88 545801.53 9.87
178483.88 545711.53 9.69
178483.88 545621.53 9.91
178483.88 545531.53 10.37
178483.88 545441.53 10.50
178483.88 545351.53 9.91
178483.88 545261.53 9.46
178483.88 545171.53 9.59
178483.88 545081.53 9.78
178483.88 544991.53 10.25
178483.88 544901.53 9.79
178483.88 544811.53 10.65
178483.88 544721.53 10.31
178483.88 544631.53 10.39
178483.88 544541.53 10.60
178483.88 544451.53 10.73
178483.88 544361.53 11.84
178483.88 544271.53 12.37
178483.88 544181.53 12.33
178483.88 544091.53 12.32
178483.88 544001.53 12.44
178483.88 543911.53 12.26
178483.88 543821.53 12.99
178483.88 543731.53 13.15
178483.88 543641.53 13.30
178483.88 543551.53 12.96
178483.88 543461.53 12.70
178483.88 543371.53 13.40
178483.88 543281.53 13.98
178483.88 543191.53 13.93
178483.88 543101.53 19.11
178483.88 543011.53 23.22
178483.88 542921.53 26.51
178483.88 542831.53 21.58
178483.88 542741.53 22.81
178483.88 542651.53 24.52
178573.88 546611.53 4.91
178573.88 546521.53 5.33
178573.88 546431.53 3.91
178573.88 546341.53 10.87
178573.88 546251.53 9.60
178573.88 546161.53 10.86
178573.88 546071.53 10.71
178573.88 545981.53 11.26
178573.88 545891.53 10.40
178573.88 545801.53 9.30
178573.88 545711.53 9.58
178573.88 545621.53 9.70
178573.88 545531.53 9.60
178573.88 545441.53 10.12
178573.88 545351.53 10.02
178573.88 545261.53 10.08
178573.88 545171.53 10.06
178573.88 545081.53 9.87
178573.88 544991.53 10.80
178573.88 544901.53 10.50
178573.88 544811.53 11.51
178573.88 544721.53 11.51
178573.88 544631.53 12.13
178573.88 544541.53 12.18
178573.88 544451.53 12.10
178573.88 544361.53 12.24
178573.88 544271.53 12.47
178573.88 544181.53 13.06
178573.88 544091.53 13.24
178573.88 544001.53 13.51
178573.88 543911.53 12.96
178573.88 543821.53 12.46
178573.88 543731.53 13.21
178573.88 543641.53 12.91
178573.88 543551.53 12.86
178573.88 543461.53 13.66
178573.88 543371.53 14.08
178573.88 543281.53 14.66
178573.88 543191.53 15.16
178573.88 543101.53 17.09
178573.88 543011.53 17.51
178573.88 542921.53 18.71
178573.88 542831.53 18.56
178573.88 542741.53 20.82
178573.88 542651.53 23.09
178663.88 546611.53 6.68
178663.88 546521.53 3.81
178663.88 546431.53 8.39
178663.88 546341.53 11.00
178663.88 546251.53 9.19
178663.88 546161.53 10.59
178663.88 546071.53 10.86
178663.88 545981.53 11.45
178663.88 545891.53 10.66
178663.88 545801.53 9.31
178663.88 545711.53 10.82
178663.88 545621.53 9.82
178663.88 545531.53 9.78
178663.88 545441.53 10.52
178663.88 545351.53 10.73
178663.88 545261.53 10.63
178663.88 545171.53 10.82
178663.88 545081.53 10.01
178663.88 544991.53 10.61
178663.88 544901.53 10.47
178663.88 544811.53 11.05
178663.88 544721.53 11.55
178663.88 544631.53 11.82
178663.88 544541.53 12.37
178663.88 544451.53 12.52
178663.88 544361.53 12.35
178663.88 544271.53 12.50
178663.88 544181.53 12.63
178663.88 544091.53 12.65
178663.88 544001.53 13.15
178663.88 543911.53 13.61
178663.88 543821.53 12.96
178663.88 543731.53 13.19
178663.88 543641.53 13.32
178663.88 543551.53 13.55
178663.88 543461.53 13.83
178663.88 543371.53 14.22
178663.88 543281.53 14.94
178663.88 543191.53 16.41
178663.88 543101.53 17.67
178663.88 543011.53 19.16
178663.88 542921.53 18.31
178663.88 542831.53 19.00
178663.88 542741.53 21.05
178663.88 542651.53 21.95
178663.88 542561.53 25.68
178753.88 546611.53 4.99
178753.88 546521.53 8.83
178753.88 546431.53 10.07
178753.88 546341.53 10.11
178753.88 546251.53 9.46
178753.88 546161.53 9.64
178753.88 546071.53 9.71
178753.88 545981.53 9.92
178753.88 545891.53 9.81
178753.88 545801.53 10.01
178753.88 545711.53 11.25
178753.88 545621.53 11.54
178753.88 545531.53 10.52
178753.88 545441.53 10.19
178753.88 545351.53 10.68
178753.88 545261.53 11.21
178753.88 545171.53 10.57
178753.88 545081.53 10.06
178753.88 544991.53 10.24
178753.88 544901.53 10.53
178753.88 544811.53 10.66
178753.88 544721.53 11.75
178753.88 544631.53 11.75
178753.88 544541.53 11.69
178753.88 544451.53 11.51
178753.88 544361.53 12.15
178753.88 544271.53 13.27
178753.88 544181.53 12.36
178753.88 544091.53 13.36
178753.88 544001.53 13.26
178753.88 543911.53 14.21
178753.88 543821.53 13.58
178753.88 543731.53 14.08
178753.88 543641.53 13.64
178753.88 543551.53 13.70
178753.88 543461.53 14.33
178753.88 543371.53 14.38
178753.88 543281.53 15.14
178753.88 543191.53 16.45
178753.88 543101.53 17.75
178753.88 543011.53 19.23
178753.88 542921.53 18.97
178753.88 542831.53 19.74
178753.88 542741.53 22.13
178753.88 542651.53 24.38
178753.88 542561.53 27.58
178843.88 546611.53 8.81
178843.88 546521.53 9.52
178843.88 546431.53 9.70
178843.88 546341.53 10.07
178843.88 546251.53 9.79
178843.88 546161.53 10.22
178843.88 546071.53 9.83
178843.88 545981.53 10.50
178843.88 545891.53 10.33
178843.88 545801.53 10.66
178843.88 545711.53 10.65
178843.88 545621.53 11.65
178843.88 545531.53 11.08
178843.88 545441.53 10.33
178843.88 545351.53 10.51
178843.88 545261.53 10.64
178843.88 545171.53 11.15
178843.88 545081.53 10.23
178843.88 544991.53 10.53
178843.88 544901.53 10.48
178843.88 544811.53 10.44
178843.88 544721.53 11.09
178843.88 544631.53 11.11
178843.88 544541.53 11.35
178843.88 544451.53 10.97
178843.88 544361.53 12.26
178843.88 544271.53 13.42
178843.88 544181.53 13.00
178843.88 544091.53 13.17
178843.88 544001.53 13.35
178843.88 543911.53 13.75
178843.88 543821.53 14.03
178843.88 543731.53 14.94
178843.88 543641.53 16.85
178843.88 543551.53 14.44
178843.88 543461.53 14.84
178843.88 543371.53 14.68
178843.88 543281.53 15.21
178843.88 543191.53 16.29
178843.88 543101.53 17.50
178843.88 543011.53 19.58
178843.88 542921.53 19.59
178843.88 542831.53 19.98
178843.88 542741.53 22.90
178843.88 542651.53 25.51
178843.88 542561.53 26.83
178933.88 546611.53 9.88
178933.88 546521.53 9.60
178933.88 546431.53 9.77
178933.88 546341.53 10.00
178933.88 546251.53 10.05
178933.88 546161.53 10.12
178933.88 546071.53 10.10
178933.88 545981.53 10.59
178933.88 545891.53 11.10
178933.88 545801.53 11.27
178933.88 545711.53 10.87
178933.88 545621.53 10.71
178933.88 545531.53 10.84
178933.88 545441.53 10.37
178933.88 545351.53 10.46
178933.88 545261.53 10.54
178933.88 545171.53 10.75
178933.88 545081.53 10.52
178933.88 544991.53 10.47
178933.88 544901.53 10.57
178933.88 544811.53 10.65
178933.88 544721.53 11.19
178933.88 544631.53 10.79
178933.88 544541.53 10.82
178933.88 544451.53 10.99
178933.88 544361.53 12.09
178933.88 544271.53 12.89
178933.88 544181.53 14.08
178933.88 544091.53 14.06
178933.88 544001.53 13.76
178933.88 543911.53 13.92
178933.88 543821.53 14.13
178933.88 543731.53 15.11
178933.88 543641.53 18.75
178933.88 543551.53 18.39
178933.88 543461.53 15.02
178933.88 543371.53 16.02
178933.88 543281.53 15.60
178933.88 543191.53 16.21
178933.88 543101.53 16.92
178933.88 543011.53 19.93
178933.88 542921.53 20.33
178933.88 542831.53 20.23
178933.88 542741.53 22.95
178933.88 542651.53 24.76
178933.88 542561.53 25.68
179023.88 546611.53 9.79
179023.88 546521.53 9.67
179023.88 546431.53 9.71
179023.88 546341.53 10.01
179023.88 546251.53 9.93
179023.88 546161.53 10.54
179023.88 546071.53 10.16
179023.88 545981.53 10.28
179023.88 545891.53 10.45
179023.88 545801.53 11.14
179023.88 545711.53 10.57
179023.88 545621.53 10.96
179023.88 545531.53 11.02
179023.88 545441.53 10.65
179023.88 545351.53 10.67
179023.88 545261.53 10.97
179023.88 545171.53 10.67
179023.88 545081.53 10.32
179023.88 544991.53 10.12
179023.88 544901.53 10.60
179023.88 544811.53 10.74
179023.88 544721.53 10.60
179023.88 544631.53 11.01
179023.88 544541.53 11.44
179023.88 544451.53 11.05
179023.88 544361.53 12.46
179023.88 544271.53 13.79
179023.88 544181.53 17.13
179023.88 544091.53 16.01
179023.88 544001.53 14.01
179023.88 543911.53 14.29
179023.88 543821.53 15.18
179023.88 543731.53 15.12
179023.88 543641.53 17.97
179023.88 543551.53 20.98
179023.88 543461.53 18.05
179023.88 543371.53 17.41
179023.88 543281.53 17.63
179023.88 543191.53 16.91
179023.88 543101.53 17.03
179023.88 543011.53 19.68
179023.88 542921.53 20.29
179023.88 542831.53 20.38
179023.88 542741.53 22.70
179023.88 542651.53 23.99
179023.88 542561.53 26.56
179113.88 546611.53 10.13
179113.88 546521.53 9.79
179113.88 546431.53 10.09
179113.88 546341.53 9.95
179113.88 546251.53 10.11
179113.88 546161.53 10.73
179113.88 546071.53 9.83
179113.88 545981.53 10.47
179113.88 545891.53 11.73
179113.88 545801.53 11.13
179113.88 545711.53 10.19
179113.88 545621.53 10.62
179113.88 545531.53 10.69
179113.88 545441.53 10.86
179113.88 545351.53 11.71
179113.88 545261.53 10.70
179113.88 545171.53 10.70
179113.88 545081.53 10.53
179113.88 544991.53 10.10
179113.88 544901.53 10.52
179113.88 544811.53 10.71
179113.88 544721.53 11.10
179113.88 544631.53 11.24
179113.88 544541.53 11.23
179113.88 544451.53 11.61
179113.88 544361.53 12.51
179113.88 544271.53 16.15
179113.88 544181.53 17.41
179113.88 544091.53 17.19
179113.88 544001.53 14.91
179113.88 543911.53 15.05
179113.88 543821.53 16.22
179113.88 543731.53 16.08
179113.88 543641.53 17.38
179113.88 543551.53 20.94
179113.88 543461.53 20.18
179113.88 543371.53 20.08
179113.88 543281.53 19.91
179113.88 543191.53 20.01
179113.88 543101.53 18.75
179113.88 543011.53 19.13
179113.88 542921.53 20.17
179113.88 542831.53 20.19
179113.88 542741.53 22.94
179113.88 542651.53 23.54
179113.88 542561.53 24.95
179203.88 546521.53 9.32
179203.88 546431.53 9.89
179203.88 546341.53 10.21
179203.88 546251.53 11.10
179203.88 546161.53 11.31
179203.88 546071.53 11.16
179203.88 545981.53 10.95
179203.88 545891.53 10.45
179203.88 545801.53 10.37
179203.88 545711.53 10.30
179203.88 545621.53 10.65
179203.88 545531.53 10.83
179203.88 545441.53 10.70
179203.88 545351.53 11.33
179203.88 545261.53 11.39
179203.88 545171.53 10.96
179203.88 545081.53 10.51
179203.88 544991.53 10.32
179203.88 544901.53 11.54
179203.88 544811.53 11.57
179203.88 544721.53 10.42
179203.88 544631.53 11.21
179203.88 544541.53 11.18
179203.88 544451.53 11.49
179203.88 544361.53 12.53
179203.88 544271.53 14.30
179203.88 544181.53 14.11
179203.88 544091.53 16.05
179203.88 544001.53 16.86
179203.88 543911.53 16.16
179203.88 543821.53 17.34
179203.88 543731.53 18.54
179203.88 543641.53 19.37
179203.88 543551.53 18.33
179203.88 543461.53 17.03
179203.88 543371.53 17.35
179203.88 543281.53 18.03
179203.88 543191.53 20.57
179203.88 543101.53 20.86
179203.88 543011.53 19.28
179203.88 542921.53 22.99
179203.88 542831.53 23.37
179203.88 542741.53 23.70
179203.88 542651.53 24.39
179203.88 542561.53 24.69
179293.88 546521.53 9.65
179293.88 546431.53 8.61
179293.88 546341.53 11.36
179293.88 546251.53 11.03
179293.88 546161.53 14.44
179293.88 546071.53 12.57
179293.88 545981.53 10.44
179293.88 545891.53 10.82
179293.88 545801.53 10.43
179293.88 545711.53 10.39
179293.88 545621.53 11.88
179293.88 545531.53 12.10
179293.88 545441.53 11.92
179293.88 545351.53 11.36
179293.88 545261.53 10.97
179293.88 545171.53 11.43
179293.88 545081.53 11.21
179293.88 544991.53 10.44
179293.88 544901.53 12.04
179293.88 544811.53 11.55
179293.88 544721.53 10.74
179293.88 544631.53 11.51
179293.88 544541.53 11.53
179293.88 544451.53 11.78
179293.88 544361.53 11.65
179293.88 544271.53 12.53
179293.88 544181.53 12.90
179293.88 544091.53 13.30
179293.88 544001.53 13.53
179293.88 543911.53 13.93
179293.88 543821.53 13.82
179293.88 543731.53 13.96
179293.88 543641.53 14.31
179293.88 543551.53 15.19
179293.88 543461.53 15.71
179293.88 543371.53 16.44
179293.88 543281.53 16.80
179293.88 543191.53 18.36
179293.88 543101.53 18.88
179293.88 543011.53 19.61
179293.88 542921.53 22.70
179293.88 542831.53 23.19
179293.88 542741.53 26.31
179293.88 542651.53 28.56
179293.88 542561.53 32.54
179383.88 546521.53 10.77
179383.88 546431.53 8.86
179383.88 546341.53 11.55
179383.88 546251.53 10.70
179383.88 546161.53 13.48
179383.88 546071.53 13.43
179383.88 545981.53 12.18
179383.88 545891.53 13.13
179383.88 545801.53 14.24
179383.88 545711.53 10.70
179383.88 545621.53 11.92
179383.88 545531.53 11.63
179383.88 545441.53 11.65
179383.88 545351.53 11.59
179383.88 545261.53 11.55
179383.88 545171.53 11.57
179383.88 545081.53 11.59
179383.88 544991.53 10.73
179383.88 544901.53 11.13
179383.88 544811.53 11.46
179383.88 544721.53 11.16
179383.88 544631.53 11.63
179383.88 544541.53 11.52
179383.88 544451.53 12.08
179383.88 544361.53 11.75
179383.88 544271.53 12.06
179383.88 544181.53 12.09
179383.88 544091.53 12.47
179383.88 544001.53 13.26
179383.88 543911.53 13.25
179383.88 543821.53 13.54
179383.88 543731.53 12.91
179383.88 543641.53 13.03
179383.88 543551.53 14.69
179383.88 543461.53 15.43
179383.88 543371.53 16.40
179383.88 543281.53 16.56
179383.88 543191.53 17.48
179383.88 543101.53 18.76
179383.88 543011.53 19.48
179383.88 542921.53 22.39
179383.88 542831.53 23.03
179383.88 542741.53 27.43
179383.88 542651.53 29.88
179383.88 542561.53 32.79
179383.88 542471.53 40.97
179473.88 546521.53 12.63
179473.88 546431.53 9.91
179473.88 546341.53 10.89
179473.88 546251.53 10.19
179473.88 546161.53 13.53
179473.88 546071.53 15.71
179473.88 545981.53 15.80
179473.88 545891.53 16.71
179473.88 545801.53 16.91
179473.88 545711.53 13.67
179473.88 545621.53 12.72
179473.88 545531.53 12.24
179473.88 545441.53 11.44
179473.88 545351.53 11.74
179473.88 545261.53 11.79
179473.88 545171.53 11.64
179473.88 545081.53 11.61
179473.88 544991.53 10.96
179473.88 544901.53 10.84
179473.88 544811.53 11.19
179473.88 544721.53 11.00
179473.88 544631.53 11.02
179473.88 544541.53 11.35
179473.88 544451.53 12.03
179473.88 544361.53 12.19
179473.88 544271.53 12.10
179473.88 544181.53 13.08
179473.88 544091.53 13.39
179473.88 544001.53 12.88
179473.88 543911.53 13.12
179473.88 543821.53 13.10
179473.88 543731.53 12.48
179473.88 543641.53 12.80
179473.88 543551.53 14.33
179473.88 543461.53 15.06
179473.88 543371.53 16.39
179473.88 543281.53 16.42
179473.88 543191.53 17.24
179473.88 543101.53 18.16
179473.88 543011.53 19.77
179473.88 542921.53 22.91
179473.88 542831.53 23.71
179473.88 542741.53 26.98
179473.88 542651.53 28.45
179473.88 542561.53 31.99
179473.88 542471.53 37.63
179563.88 546521.53 13.73
179563.88 546431.53 11.24
179563.88 546341.53 11.03
179563.88 546251.53 9.78
179563.88 546161.53 13.48
179563.88 546071.53 16.99
179563.88 545981.53 17.43
179563.88 545891.53 19.06
179563.88 545801.53 17.26
179563.88 545711.53 16.54
179563.88 545621.53 12.41
179563.88 545531.53 11.96
179563.88 545441.53 11.27
179563.88 545351.53 11.09
179563.88 545261.53 11.01
179563.88 545171.53 10.96
179563.88 545081.53 11.39
179563.88 544991.53 10.80
179563.88 544901.53 10.74
179563.88 544811.53 10.90
179563.88 544721.53 10.98
179563.88 544631.53 11.57
179563.88 544541.53 11.60
179563.88 544451.53 12.14
179563.88 544361.53 12.14
179563.88 544271.53 12.28
179563.88 544181.53 13.39
179563.88 544091.53 13.84
179563.88 544001.53 12.58
179563.88 543911.53 12.65
179563.88 543821.53 12.84
179563.88 543731.53 12.85
179563.88 543641.53 13.15
179563.88 543551.53 14.82
179563.88 543461.53 15.08
179563.88 543371.53 16.15
179563.88 543281.53 15.79
179563.88 543191.53 17.44
179563.88 543101.53 17.76
179563.88 543011.53 18.84
179563.88 542921.53 22.36
179563.88 542831.53 23.15
179563.88 542741.53 28.04
179563.88 542651.53 29.35
179563.88 542561.53 32.29
179563.88 542471.53 37.56
179653.88 546521.53 12.28
179653.88 546431.53 13.03
179653.88 546341.53 10.80
179653.88 546251.53 9.69
179653.88 546161.53 11.96
179653.88 546071.53 13.89
179653.88 545981.53 14.76
179653.88 545891.53 18.25
179653.88 545801.53 17.44
179653.88 545711.53 15.45
179653.88 545621.53 11.84
179653.88 545531.53 11.74
179653.88 545441.53 10.90
179653.88 545351.53 11.05
179653.88 545261.53 11.87
179653.88 545171.53 11.86
179653.88 545081.53 11.86
179653.88 544991.53 10.89
179653.88 544901.53 10.48
179653.88 544811.53 10.84
179653.88 544721.53 10.91
179653.88 544631.53 11.36
179653.88 544541.53 11.76
179653.88 544451.53 12.13
179653.88 544361.53 12.70
179653.88 544271.53 12.22
179653.88 544181.53 13.90
179653.88 544091.53 14.13
179653.88 544001.53 12.75
179653.88 543911.53 12.86
179653.88 543821.53 13.81
179653.88 543731.53 14.25
179653.88 543641.53 14.32
179653.88 543551.53 14.56
179653.88 543461.53 15.19
179653.88 543371.53 16.42
179653.88 543281.53 16.76
179653.88 543191.53 18.64
179653.88 543101.53 21.94
179653.88 543011.53 21.67
179653.88 542921.53 22.17
179653.88 542831.53 23.29
179653.88 542741.53 28.22
179653.88 542651.53 30.02
179653.88 542561.53 33.41
179653.88 542471.53 34.66
179743.88 546521.53 11.58
179743.88 546431.53 12.96
179743.88 546341.53 13.22
179743.88 546251.53 10.16
179743.88 546161.53 11.64
179743.88 546071.53 11.96
179743.88 545981.53 12.57
179743.88 545891.53 14.89
179743.88 545801.53 16.22
179743.88 545711.53 16.60
179743.88 545621.53 13.06
179743.88 545531.53 11.58
179743.88 545441.53 10.98
179743.88 545351.53 10.74
179743.88 545261.53 12.14
179743.88 545171.53 11.58
179743.88 545081.53 11.92
179743.88 544991.53 11.27
179743.88 544901.53 10.97
179743.88 544811.53 11.05
179743.88 544721.53 11.07
179743.88 544631.53 11.17
179743.88 544541.53 11.83
179743.88 544451.53 11.81
179743.88 544361.53 12.39
179743.88 544271.53 12.01
179743.88 544181.53 12.76
179743.88 544091.53 13.02
179743.88 544001.53 12.57
179743.88 543911.53 13.14
179743.88 543821.53 14.36
179743.88 543731.53 17.76
179743.88 543641.53 18.24
179743.88 543551.53 18.08
179743.88 543461.53 15.89
179743.88 543371.53 16.44
179743.88 543281.53 17.03
179743.88 543191.53 18.46
179743.88 543101.53 19.66
179743.88 543011.53 23.27
179743.88 542921.53 23.22
179743.88 542831.53 24.20
179743.88 542741.53 27.46
179743.88 542651.53 30.86
179743.88 542561.53 35.33
179743.88 542471.53 44.00
179833.88 546611.53 9.63
179833.88 546521.53 9.01
179833.88 546431.53 9.83
179833.88 546341.53 14.18
179833.88 546251.53 11.92
179833.88 546161.53 11.88
179833.88 546071.53 12.71
179833.88 545981.53 12.82
179833.88 545891.53 13.15
179833.88 545801.53 14.95
179833.88 545711.53 16.92
179833.88 545621.53 16.19
179833.88 545531.53 12.04
179833.88 545441.53 12.23
179833.88 545351.53 12.15
179833.88 545261.53 12.17
179833.88 545171.53 11.79
179833.88 545081.53 11.91
179833.88 544991.53 11.59
179833.88 544901.53 11.08
179833.88 544811.53 11.13
179833.88 544721.53 10.97
179833.88 544631.53 11.33
179833.88 544541.53 11.93
179833.88 544451.53 11.83
179833.88 544361.53 12.47
179833.88 544271.53 11.87
179833.88 544181.53 12.48
179833.88 544091.53 13.17
179833.88 544001.53 12.62
179833.88 543911.53 13.14
179833.88 543821.53 13.94
179833.88 543731.53 14.81
179833.88 543641.53 16.87
179833.88 543551.53 18.61
179833.88 543461.53 21.55
179833.88 543371.53 19.80
179833.88 543281.53 17.31
179833.88 543191.53 18.04
179833.88 543101.53 19.09
179833.88 543011.53 20.26
179833.88 542921.53 20.81
179833.88 542831.53 22.89
179833.88 542741.53 27.33
179833.88 542651.53 33.80
179833.88 542561.53 41.31
179833.88 542471.53 49.15
179923.88 546611.53 8.03
179923.88 546521.53 8.14
179923.88 546431.53 8.98
179923.88 546341.53 11.22
179923.88 546251.53 11.90
179923.88 546161.53 13.93
179923.88 546071.53 12.64
179923.88 545981.53 12.51
179923.88 545891.53 13.06
179923.88 545801.53 14.89
179923.88 545711.53 18.11
179923.88 545621.53 16.79
179923.88 545531.53 13.67
179923.88 545441.53 12.99
179923.88 545351.53 12.77
179923.88 545261.53 12.50
179923.88 545171.53 11.39
179923.88 545081.53 11.91
179923.88 544991.53 11.91
179923.88 544901.53 11.04
179923.88 544811.53 11.22
179923.88 544721.53 11.37
179923.88 544631.53 11.58
179923.88 544541.53 11.85
179923.88 544451.53 12.27
179923.88 544361.53 12.31
179923.88 544271.53 12.20
179923.88 544181.53 12.73
179923.88 544091.53 13.76
179923.88 544001.53 13.11
179923.88 543911.53 13.14
179923.88 543821.53 13.94
179923.88 543731.53 13.89
179923.88 543641.53 14.08
179923.88 543551.53 15.70
179923.88 543461.53 20.14
179923.88 543371.53 23.81
179923.88 543281.53 23.04
179923.88 543191.53 20.01
179923.88 543101.53 19.23
179923.88 543011.53 20.12
179923.88 542921.53 21.00
179923.88 542831.53 23.42
179923.88 542741.53 29.58
179923.88 542651.53 38.61
179923.88 542561.53 45.89
179923.88 542471.53 49.90
180013.88 546611.53 8.20
180013.88 546521.53 8.24
180013.88 546431.53 8.29
180013.88 546341.53 8.45
180013.88 546251.53 8.83
180013.88 546161.53 9.34
180013.88 546071.53 9.14
180013.88 545981.53 10.98
180013.88 545891.53 13.74
180013.88 545801.53 14.69
180013.88 545711.53 15.48
180013.88 545621.53 15.89
180013.88 545531.53 15.75
180013.88 545441.53 13.26
180013.88 545351.53 11.98
180013.88 545261.53 11.81
180013.88 545171.53 11.35
180013.88 545081.53 11.97
180013.88 544991.53 11.48
180013.88 544901.53 10.83
180013.88 544811.53 11.12
180013.88 544721.53 11.22
180013.88 544631.53 11.46
180013.88 544541.53 11.65
180013.88 544451.53 11.95
180013.88 544361.53 12.32
180013.88 544271.53 12.25
180013.88 544181.53 12.86
180013.88 544091.53 14.25
180013.88 544001.53 14.70
180013.88 543911.53 14.46
180013.88 543821.53 13.97
180013.88 543731.53 14.96
180013.88 543641.53 14.87
180013.88 543551.53 15.40
180013.88 543461.53 17.93
180013.88 543371.53 20.10
180013.88 543281.53 24.20
180013.88 543191.53 27.37
180013.88 543101.53 27.82
180013.88 543011.53 28.28
180013.88 542921.53 24.31
180013.88 542831.53 25.21
180013.88 542741.53 30.82
180013.88 542651.53 34.27
180013.88 542561.53 37.77
180013.88 542471.53 42.01
180103.88 546701.53 7.70
180103.88 546611.53 8.32
180103.88 546521.53 8.23
180103.88 546431.53 8.03
180103.88 546341.53 8.21
180103.88 546251.53 7.93
180103.88 546161.53 7.75
180103.88 546071.53 9.11
180103.88 545981.53 9.19
180103.88 545891.53 10.91
180103.88 545801.53 11.75
180103.88 545711.53 12.11
180103.88 545621.53 13.43
180103.88 545531.53 14.78
180103.88 545441.53 13.86
180103.88 545351.53 12.32
180103.88 545261.53 11.61
180103.88 545171.53 11.62
180103.88 545081.53 11.43
180103.88 544991.53 11.15
180103.88 544901.53 10.95
180103.88 544811.53 11.12
180103.88 544721.53 11.27
180103.88 544631.53 11.35
180103.88 544541.53 11.76
180103.88 544451.53 11.85
180103.88 544361.53 11.92
180103.88 544271.53 12.09
180103.88 544181.53 12.46
180103.88 544091.53 13.78
180103.88 544001.53 14.79
180103.88 543911.53 14.19
180103.88 543821.53 15.58
180103.88 543731.53 17.43
180103.88 543641.53 19.95
180103.88 543551.53 21.46
180103.88 543461.53 22.34
180103.88 543371.53 22.46
180103.88 543281.53 22.68
180103.88 543191.53 25.28
180103.88 543101.53 28.09
180103.88 543011.53 27.67
180103.88 542921.53 29.34
180103.88 542831.53 26.49
180103.88 542741.53 30.64
180103.88 542651.53 31.95
180103.88 542561.53 34.01
180103.88 542471.53 37.91
180103.88 542381.53 39.95
180193.88 546701.53 8.41
180193.88 546611.53 9.12
180193.88 546521.53 8.76
180193.88 546431.53 8.55
180193.88 546341.53 9.83
180193.88 546251.53 8.95
180193.88 546161.53 7.97
180193.88 546071.53 9.22
180193.88 545981.53 8.49
180193.88 545891.53 9.14
180193.88 545801.53 9.93
180193.88 545711.53 10.29
180193.88 545621.53 11.48
180193.88 545531.53 12.40
180193.88 545441.53 12.89
180193.88 545351.53 12.74
180193.88 545261.53 12.31
180193.88 545171.53 12.04
180193.88 545081.53 11.80
180193.88 544991.53 11.56
180193.88 544901.53 11.02
180193.88 544811.53 11.43
180193.88 544721.53 11.09
180193.88 544631.53 11.09
180193.88 544541.53 11.36
180193.88 544451.53 11.48
180193.88 544361.53 11.65
180193.88 544271.53 11.61
180193.88 544181.53 12.29
180193.88 544091.53 12.62
180193.88 544001.53 12.88
180193.88 543911.53 13.69
180193.88 543821.53 17.84
180193.88 543731.53 21.94
180193.88 543641.53 23.64
180193.88 543551.53 23.11
180193.88 543461.53 23.84
180193.88 543371.53 24.65
180193.88 543281.53 24.30
180193.88 543191.53 24.72
180193.88 543101.53 27.91
180193.88 543011.53 29.79
180193.88 542921.53 31.75
180193.88 542831.53 28.58
180193.88 542741.53 29.29
180193.88 542651.53 30.63
180193.88 542561.53 32.83
180193.88 542471.53 34.80
180193.88 542381.53 35.53
180283.88 546791.53 8.47
180283.88 546701.53 9.30
180283.88 546611.53 10.05
180283.88 546521.53 9.98
180283.88 546431.53 9.05
180283.88 546341.53 10.32
180283.88 546251.53 10.04
180283.88 546161.53 9.88
180283.88 546071.53 8.53
180283.88 545981.53 9.99
180283.88 545891.53 10.40
180283.88 545801.53 11.61
180283.88 545711.53 10.54
180283.88 545621.53 10.77
180283.88 545531.53 11.26
180283.88 545441.53 12.81
180283.88 545351.53 14.39
180283.88 545261.53 13.82
180283.88 545171.53 12.38
180283.88 545081.53 12.46
180283.88 544991.53 11.78
180283.88 544901.53 11.24
180283.88 544811.53 11.58
180283.88 544721.53 11.27
180283.88 544631.53 11.43
180283.88 544541.53 11.37
180283.88 544451.53 11.61
180283.88 544361.53 11.57
180283.88 544271.53 11.33
180283.88 544181.53 11.74
180283.88 544091.53 12.04
180283.88 544001.53 12.18
180283.88 543911.53 12.45
180283.88 543821.53 14.31
180283.88 543731.53 16.65
180283.88 543641.53 16.93
180283.88 543551.53 16.75
180283.88 543461.53 20.36
180283.88 543371.53 22.53
180283.88 543281.53 24.99
180283.88 543191.53 26.46
180283.88 543101.53 27.36
180283.88 543011.53 26.95
180283.88 542921.53 25.90
180283.88 542831.53 25.68
180283.88 542741.53 28.58
180283.88 542651.53 29.68
180283.88 542561.53 30.52
180283.88 542471.53 32.55
180283.88 542381.53 34.07
180373.88 546791.53 9.25
180373.88 546701.53 9.98
180373.88 546611.53 10.97
180373.88 546521.53 10.44
180373.88 546431.53 9.77
180373.88 546341.53 11.01
180373.88 546251.53 11.00
180373.88 546161.53 10.95
180373.88 546071.53 9.83
180373.88 545981.53 10.50
180373.88 545891.53 10.25
180373.88 545801.53 13.09
180373.88 545711.53 12.82
180373.88 545621.53 10.58
180373.88 545531.53 10.19
180373.88 545441.53 11.42
180373.88 545351.53 13.93
180373.88 545261.53 14.45
180373.88 545171.53 12.74
180373.88 545081.53 12.93
180373.88 544991.53 12.08
180373.88 544901.53 11.69
180373.88 544811.53 11.77
180373.88 544721.53 12.07
180373.88 544631.53 12.01
180373.88 544541.53 11.83
180373.88 544451.53 11.53
180373.88 544361.53 11.81
180373.88 544271.53 11.45
180373.88 544181.53 11.91
180373.88 544091.53 12.00
180373.88 544001.53 11.99
180373.88 543911.53 11.91
180373.88 543821.53 12.37
180373.88 543731.53 13.24
180373.88 543641.53 14.08
180373.88 543551.53 15.95
180373.88 543461.53 21.63
180373.88 543371.53 23.37
180373.88 543281.53 24.85
180373.88 543191.53 25.48
180373.88 543101.53 25.75
180373.88 543011.53 23.25
180373.88 542921.53 22.91
180373.88 542831.53 24.48
180373.88 542741.53 28.06
180373.88 542651.53 29.39
180373.88 542561.53 29.93
180373.88 542471.53 32.13
180373.88 542381.53 34.24
180463.88 546881.53 8.71
180463.88 546791.53 9.78
180463.88 546701.53 11.91
180463.88 546611.53 13.32
180463.88 546521.53 11.45
180463.88 546431.53 10.57
180463.88 546341.53 11.78
180463.88 546251.53 11.42
180463.88 546161.53 10.74
180463.88 546071.53 10.15
180463.88 545981.53 10.16
180463.88 545891.53 10.08
180463.88 545801.53 12.87
180463.88 545711.53 13.22
180463.88 545621.53 12.74
180463.88 545531.53 10.46
180463.88 545441.53 10.65
180463.88 545351.53 11.24
180463.88 545261.53 12.68
180463.88 545171.53 13.21
180463.88 545081.53 12.97
180463.88 544991.53 13.04
180463.88 544901.53 12.30
180463.88 544811.53 11.85
180463.88 544721.53 12.16
180463.88 544631.53 12.14
180463.88 544541.53 12.31
180463.88 544451.53 12.31
180463.88 544361.53 13.10
180463.88 544271.53 12.03
180463.88 544181.53 12.04
180463.88 544091.53 11.78
180463.88 544001.53 12.11
180463.88 543911.53 12.20
180463.88 543821.53 12.37
180463.88 543731.53 12.53
180463.88 543641.53 13.52
180463.88 543551.53 15.93
180463.88 543461.53 21.93
180463.88 543371.53 22.28
180463.88 543281.53 23.17
180463.88 543191.53 23.63
180463.88 543101.53 22.64
180463.88 543011.53 21.87
180463.88 542921.53 21.90
180463.88 542831.53 23.93
180463.88 542741.53 27.26
180463.88 542651.53 29.25
180463.88 542561.53 32.29
180463.88 542471.53 34.03
180463.88 542381.53 36.35
180553.88 546881.53 9.66
180553.88 546791.53 10.03
180553.88 546701.53 12.32
180553.88 546611.53 15.81
180553.88 546521.53 13.50
180553.88 546431.53 11.56
180553.88 546341.53 12.04
180553.88 546251.53 11.39
180553.88 546161.53 10.25
180553.88 546071.53 9.82
180553.88 545981.53 9.82
180553.88 545891.53 9.95
180553.88 545801.53 11.14
180553.88 545711.53 12.75
180553.88 545621.53 13.63
180553.88 545531.53 13.21
180553.88 545441.53 12.03
180553.88 545351.53 11.44
180553.88 545261.53 11.99
180553.88 545171.53 12.93
180553.88 545081.53 13.25
180553.88 544991.53 12.81
180553.88 544901.53 12.23
180553.88 544811.53 11.77
180553.88 544721.53 12.10
180553.88 544631.53 12.16
180553.88 544541.53 12.35
180553.88 544451.53 13.07
180553.88 544361.53 13.09
180553.88 544271.53 13.17
180553.88 544181.53 12.62
180553.88 544091.53 12.12
180553.88 544001.53 12.73
180553.88 543911.53 12.06
180553.88 543821.53 12.39
180553.88 543731.53 12.68
180553.88 543641.53 13.28
180553.88 543551.53 14.39
180553.88 543461.53 19.30
180553.88 543371.53 20.23
180553.88 543281.53 21.85
180553.88 543191.53 22.64
180553.88 543101.53 20.88
180553.88 543011.53 20.43
180553.88 542921.53 20.80
180553.88 542831.53 22.21
180553.88 542741.53 27.30
180553.88 542651.53 29.02
180553.88 542561.53 31.83
180553.88 542471.53 34.31
180553.88 542381.53 36.44
180643.88 546881.53 11.10
180643.88 546791.53 10.91
180643.88 546701.53 11.85
180643.88 546611.53 15.07
180643.88 546521.53 15.13
180643.88 546431.53 12.60
180643.88 546341.53 16.43
180643.88 546251.53 13.21
180643.88 546161.53 11.04
180643.88 546071.53 10.66
180643.88 545981.53 10.95
180643.88 545891.53 11.21
180643.88 545801.53 11.02
180643.88 545711.53 11.91
180643.88 545621.53 15.59
180643.88 545531.53 16.49
180643.88 545441.53 14.16
180643.88 545351.53 11.79
180643.88 545261.53 12.51
180643.88 545171.53 12.95
180643.88 545081.53 14.20
180643.88 544991.53 14.44
180643.88 544901.53 13.01
180643.88 544811.53 12.51
180643.88 544721.53 12.47
180643.88 544631.53 12.43
180643.88 544541.53 12.39
180643.88 544451.53 12.95
180643.88 544361.53 12.30
180643.88 544271.53 13.07
180643.88 544181.53 12.79
180643.88 544091.53 12.64
180643.88 544001.53 13.88
180643.88 543911.53 12.86
180643.88 543821.53 12.29
180643.88 543731.53 12.90
180643.88 543641.53 13.00
180643.88 543551.53 13.52
180643.88 543461.53 16.12
180643.88 543371.53 18.25
180643.88 543281.53 21.68
180643.88 543191.53 21.23
180643.88 543101.53 19.57
180643.88 543011.53 19.10
180643.88 542921.53 20.20
180643.88 542831.53 22.31
180643.88 542741.53 27.45
180643.88 542651.53 28.53
180643.88 542561.53 31.46
180643.88 542471.53 33.71
180643.88 542381.53 36.34
180733.88 546971.53 9.87
180733.88 546881.53 10.58
180733.88 546791.53 12.14
180733.88 546701.53 12.64
180733.88 546611.53 14.05
180733.88 546521.53 17.15
180733.88 546431.53 17.58
180733.88 546341.53 19.39
180733.88 546251.53 14.48
180733.88 546161.53 12.29
180733.88 546071.53 12.61
180733.88 545981.53 13.18
180733.88 545891.53 13.65
180733.88 545801.53 12.04
180733.88 545711.53 12.50
180733.88 545621.53 14.49
180733.88 545531.53 18.09
180733.88 545441.53 18.38
180733.88 545351.53 14.60
180733.88 545261.53 15.93
180733.88 545171.53 16.32
180733.88 545081.53 15.15
180733.88 544991.53 16.32
180733.88 544901.53 15.62
180733.88 544811.53 13.39
180733.88 544721.53 12.52
180733.88 544631.53 12.25
180733.88 544541.53 13.04
180733.88 544451.53 12.62
180733.88 544361.53 12.84
180733.88 544271.53 13.83
180733.88 544181.53 12.81
180733.88 544091.53 12.74
180733.88 544001.53 12.85
180733.88 543911.53 12.39
180733.88 543821.53 12.56
180733.88 543731.53 12.93
180733.88 543641.53 13.47
180733.88 543551.53 13.47
180733.88 543461.53 14.36
180733.88 543371.53 16.23
180733.88 543281.53 17.85
180733.88 543191.53 18.13
180733.88 543101.53 18.17
180733.88 543011.53 18.93
180733.88 542921.53 20.15
180733.88 542831.53 22.07
180733.88 542741.53 26.83
180733.88 542651.53 28.49
180733.88 542561.53 31.40
180733.88 542471.53 35.51
180733.88 542381.53 44.01
180733.88 542291.53 48.64
180823.88 546971.53 9.01
180823.88 546881.53 9.28
180823.88 546791.53 9.95
180823.88 546701.53 10.74
180823.88 546611.53 11.75
180823.88 546521.53 13.94
180823.88 546431.53 14.71
180823.88 546341.53 20.70
180823.88 546251.53 15.44
180823.88 546161.53 13.61
180823.88 546071.53 13.39
180823.88 545981.53 13.94
180823.88 545891.53 15.00
180823.88 545801.53 15.02
180823.88 545711.53 15.31
180823.88 545621.53 14.63
180823.88 545531.53 17.52
180823.88 545441.53 19.69
180823.88 545351.53 15.94
180823.88 545261.53 17.51
180823.88 545171.53 16.83
180823.88 545081.53 16.37
180823.88 544991.53 16.71
180823.88 544901.53 17.47
180823.88 544811.53 13.57
180823.88 544721.53 12.68
180823.88 544631.53 12.36
180823.88 544541.53 12.49
180823.88 544451.53 12.48
180823.88 544361.53 12.33
180823.88 544271.53 13.05
180823.88 544181.53 13.25
180823.88 544091.53 13.15
180823.88 544001.53 13.19
180823.88 543911.53 12.99
180823.88 543821.53 12.92
180823.88 543731.53 13.16
180823.88 543641.53 13.59
180823.88 543551.53 14.01
180823.88 543461.53 14.28
180823.88 543371.53 15.08
180823.88 543281.53 16.22
180823.88 543191.53 16.88
180823.88 543101.53 17.25
180823.88 543011.53 18.06
180823.88 542921.53 19.56
180823.88 542831.53 21.83
180823.88 542741.53 26.03
180823.88 542651.53 28.39
180823.88 542561.53 32.37
180823.88 542471.53 42.48
180823.88 542381.53 54.00
180823.88 542291.53 65.04
180913.88 547061.53 8.14
180913.88 546971.53 8.57
180913.88 546881.53 8.82
180913.88 546791.53 9.67
180913.88 546701.53 10.02
180913.88 546611.53 10.75
180913.88 546521.53 11.18
180913.88 546431.53 12.66
180913.88 546341.53 16.53
180913.88 546251.53 16.06
180913.88 546161.53 15.23
180913.88 546071.53 15.35
180913.88 545981.53 15.47
180913.88 545891.53 16.42
180913.88 545801.53 17.14
180913.88 545711.53 18.25
180913.88 545621.53 16.40
180913.88 545531.53 18.82
180913.88 545441.53 20.45
180913.88 545351.53 17.64
180913.88 545261.53 19.15
180913.88 545171.53 17.93
180913.88 545081.53 17.74
180913.88 544991.53 16.93
180913.88 544901.53 16.59
180913.88 544811.53 13.63
180913.88 544721.53 13.54
180913.88 544631.53 13.31
180913.88 544541.53 13.08
180913.88 544451.53 13.39
180913.88 544361.53 13.03
180913.88 544271.53 13.23
180913.88 544181.53 13.96
180913.88 544091.53 13.95
180913.88 544001.53 13.55
180913.88 543911.53 13.42
180913.88 543821.53 13.22
180913.88 543731.53 13.57
180913.88 543641.53 13.74
180913.88 543551.53 13.89
180913.88 543461.53 14.08
180913.88 543371.53 14.35
180913.88 543281.53 15.05
180913.88 543191.53 15.84
180913.88 543101.53 16.39
180913.88 543011.53 17.53
180913.88 542921.53 19.13
180913.88 542831.53 20.84
180913.88 542741.53 25.53
180913.88 542651.53 28.47
180913.88 542561.53 34.43
180913.88 542471.53 40.64
180913.88 542381.53 50.91
180913.88 542291.53 62.81
181003.88 547061.53 8.61
181003.88 546971.53 9.35
181003.88 546881.53 9.41
181003.88 546791.53 11.04
181003.88 546701.53 11.99
181003.88 546611.53 12.12
181003.88 546521.53 11.38
181003.88 546431.53 13.06
181003.88 546341.53 15.39
181003.88 546251.53 16.89
181003.88 546161.53 17.49
181003.88 546071.53 20.30
181003.88 545981.53 20.39
181003.88 545891.53 19.97
181003.88 545801.53 20.38
181003.88 545711.53 20.60
181003.88 545621.53 18.62
181003.88 545531.53 19.74
181003.88 545441.53 21.73
181003.88 545351.53 20.84
181003.88 545261.53 21.35
181003.88 545171.53 19.74
181003.88 545081.53 19.12
181003.88 544991.53 18.58
181003.88 544901.53 15.43
181003.88 544811.53 13.84
181003.88 544721.53 13.92
181003.88 544631.53 14.38
181003.88 544541.53 14.50
181003.88 544451.53 14.70
181003.88 544361.53 14.17
181003.88 544271.53 14.00
181003.88 544181.53 14.72
181003.88 544091.53 14.66
181003.88 544001.53 14.02
181003.88 543911.53 14.06
181003.88 543821.53 14.32
181003.88 543731.53 14.24
181003.88 543641.53 14.17
181003.88 543551.53 13.81
181003.88 543461.53 14.39
181003.88 543371.53 14.28
181003.88 543281.53 14.68
181003.88 543191.53 15.15
181003.88 543101.53 15.83
181003.88 543011.53 16.97
181003.88 542921.53 19.24
181003.88 542831.53 20.67
181003.88 542741.53 25.46
181003.88 542651.53 28.24
181003.88 542561.53 32.40
181003.88 542471.53 40.45
181003.88 542381.53 51.68
181003.88 542291.53 69.83
181093.88 547061.53 9.29
181093.88 546971.53 10.02
181093.88 546881.53 10.31
181093.88 546791.53 12.06
181093.88 546701.53 16.27
181093.88 546611.53 14.21
181093.88 546521.53 12.62
181093.88 546431.53 13.32
181093.88 546341.53 17.21
181093.88 546251.53 17.66
181093.88 546161.53 21.74
181093.88 546071.53 22.86
181093.88 545981.53 25.44
181093.88 545891.53 24.55
181093.88 545801.53 24.84
181093.88 545711.53 27.32
181093.88 545621.53 23.53
181093.88 545531.53 23.16
181093.88 545441.53 23.59
181093.88 545351.53 23.72
181093.88 545261.53 23.15
181093.88 545171.53 21.58
181093.88 545081.53 20.23
181093.88 544991.53 18.33
181093.88 544901.53 15.19
181093.88 544811.53 14.39
181093.88 544721.53 14.26
181093.88 544631.53 14.95
181093.88 544541.53 15.50
181093.88 544451.53 15.67
181093.88 544361.53 15.81
181093.88 544271.53 16.26
181093.88 544181.53 16.61
181093.88 544091.53 15.42
181093.88 544001.53 14.85
181093.88 543911.53 14.69
181093.88 543821.53 15.41
181093.88 543731.53 15.06
181093.88 543641.53 14.63
181093.88 543551.53 14.16
181093.88 543461.53 13.84
181093.88 543371.53 14.70
181093.88 543281.53 14.63
181093.88 543191.53 14.94
181093.88 543101.53 15.57
181093.88 543011.53 16.64
181093.88 542921.53 18.34
181093.88 542831.53 20.19
181093.88 542741.53 24.71
181093.88 542651.53 28.07
181093.88 542561.53 34.92
181093.88 542471.53 41.76
181093.88 542381.53 57.77
181093.88 542291.53 80.18
181183.88 547151.53 9.33
181183.88 547061.53 9.43
181183.88 546971.53 9.86
181183.88 546881.53 11.07
181183.88 546791.53 13.30
181183.88 546701.53 15.26
181183.88 546611.53 15.99
181183.88 546521.53 15.29
181183.88 546431.53 15.57
181183.88 546341.53 19.66
181183.88 546251.53 23.95
181183.88 546161.53 32.66
181183.88 546071.53 36.10
181183.88 545981.53 36.96
181183.88 545891.53 40.28
181183.88 545801.53 39.22
181183.88 545711.53 38.13
181183.88 545621.53 33.53
181183.88 545531.53 29.28
181183.88 545441.53 28.54
181183.88 545351.53 27.40
181183.88 545261.53 25.68
181183.88 545171.53 24.83
181183.88 545081.53 22.27
181183.88 544991.53 19.95
181183.88 544901.53 15.58
181183.88 544811.53 15.19
181183.88 544721.53 15.64
181183.88 544631.53 16.39
181183.88 544541.53 17.44
181183.88 544451.53 17.35
181183.88 544361.53 18.14
181183.88 544271.53 19.90
181183.88 544181.53 17.22
181183.88 544091.53 15.93
181183.88 544001.53 15.99
181183.88 543911.53 16.64
181183.88 543821.53 17.02
181183.88 543731.53 16.14
181183.88 543641.53 15.70
181183.88 543551.53 14.95
181183.88 543461.53 14.69
181183.88 543371.53 14.80
181183.88 543281.53 14.84
181183.88 543191.53 14.96
181183.88 543101.53 15.40
181183.88 543011.53 16.26
181183.88 542921.53 17.63
181183.88 542831.53 19.42
181183.88 542741.53 23.68
181183.88 542651.53 27.29
181183.88 542561.53 33.51
181183.88 542471.53 39.17
181183.88 542381.53 56.34
181183.88 542291.53 84.05
181273.88 547151.53 9.78
181273.88 547061.53 9.70
181273.88 546971.53 10.46
181273.88 546881.53 12.07
181273.88 546791.53 13.73
181273.88 546701.53 13.95
181273.88 546611.53 14.45
181273.88 546521.53 15.22
181273.88 546431.53 17.33
181273.88 546341.53 21.83
181273.88 546251.53 33.79
181273.88 546161.53 46.84
181273.88 546071.53 57.02
181273.88 545981.53 57.66
181273.88 545891.53 62.19
181273.88 545801.53 61.67
181273.88 545711.53 61.23
181273.88 545621.53 58.08
181273.88 545531.53 39.42
181273.88 545441.53 32.47
181273.88 545351.53 32.88
181273.88 545261.53 32.96
181273.88 545171.53 30.19
181273.88 545081.53 26.49
181273.88 544991.53 22.37
181273.88 544901.53 15.84
181273.88 544811.53 15.55
181273.88 544721.53 15.96
181273.88 544631.53 17.55
181273.88 544541.53 18.83
181273.88 544451.53 19.29
181273.88 544361.53 21.08
181273.88 544271.53 25.50
181273.88 544181.53 17.37
181273.88 544091.53 17.09
181273.88 544001.53 17.53
181273.88 543911.53 19.44
181273.88 543821.53 18.07
181273.88 543731.53 17.34
181273.88 543641.53 16.65
181273.88 543551.53 15.78
181273.88 543461.53 15.91
181273.88 543371.53 15.76
181273.88 543281.53 14.82
181273.88 543191.53 15.06
181273.88 543101.53 15.15
181273.88 543011.53 16.32
181273.88 542921.53 17.33
181273.88 542831.53 19.44
181273.88 542741.53 24.78
181273.88 542651.53 25.54
181273.88 542561.53 32.93
181273.88 542471.53 47.73
181273.88 542381.53 65.19
181273.88 542291.53 68.91
181363.88 547241.53 15.08
181363.88 547151.53 11.35
181363.88 547061.53 10.28
181363.88 546971.53 10.78
181363.88 546881.53 13.53
181363.88 546791.53 14.97
181363.88 546701.53 14.37
181363.88 546611.53 14.22
181363.88 546521.53 15.43
181363.88 546431.53 19.74
181363.88 546341.53 26.65
181363.88 546251.53 38.98
181363.88 546161.53 60.79
181363.88 546071.53 81.81
181363.88 545981.53 85.75
181363.88 545891.53 81.92
181363.88 545801.53 84.53
181363.88 545711.53 86.18
181363.88 545621.53 62.56
181363.88 545531.53 47.70
181363.88 545441.53 40.73
181363.88 545351.53 48.77
181363.88 545261.53 50.93
181363.88 545171.53 41.57
181363.88 545081.53 30.78
181363.88 544991.53 23.63
181363.88 544901.53 16.59
181363.88 544811.53 16.44
181363.88 544721.53 16.77
181363.88 544631.53 18.57
181363.88 544541.53 19.75
181363.88 544451.53 21.20
181363.88 544361.53 23.71
181363.88 544271.53 27.98
181363.88 544181.53 18.39
181363.88 544091.53 18.23
181363.88 544001.53 18.97
181363.88 543911.53 23.29
181363.88 543821.53 19.61
181363.88 543731.53 18.29
181363.88 543641.53 17.58
181363.88 543551.53 17.68
181363.88 543461.53 18.28
181363.88 543371.53 17.35
181363.88 543281.53 17.11
181363.88 543191.53 15.06
181363.88 543101.53 15.28
181363.88 543011.53 15.69
181363.88 542921.53 16.64
181363.88 542831.53 19.16
181363.88 542741.53 31.09
181363.88 542651.53 26.00
181363.88 542561.53 30.67
181363.88 542471.53 42.11
181363.88 542381.53 65.16
181363.88 542291.53 58.58
181453.88 547241.53 17.18
181453.88 547151.53 12.75
181453.88 547061.53 12.79
181453.88 546971.53 16.47
181453.88 546881.53 18.07
181453.88 546791.53 19.36
181453.88 546701.53 20.84
181453.88 546611.53 21.38
181453.88 546521.53 22.19
181453.88 546431.53 24.22
181453.88 546341.53 38.64
181453.88 546251.53 41.09
181453.88 546161.53 48.31
181453.88 546071.53 58.44
181453.88 545981.53 67.91
181453.88 545891.53 72.00
181453.88 545801.53 70.85
181453.88 545711.53 77.19
181453.88 545621.53 79.31
181453.88 545531.53 72.27
181453.88 545441.53 66.98
181453.88 545351.53 78.16
181453.88 545261.53 84.94
181453.88 545171.53 61.71
181453.88 545081.53 40.83
181453.88 544991.53 25.05
181453.88 544901.53 18.53
181453.88 544811.53 18.82
181453.88 544721.53 20.86
181453.88 544631.53 21.14
181453.88 544541.53 22.79
181453.88 544451.53 24.88
181453.88 544361.53 28.01
181453.88 544271.53 27.14
181453.88 544181.53 21.11
181453.88 544091.53 21.42
181453.88 544001.53 22.06
181453.88 543911.53 24.06
181453.88 543821.53 22.86
181453.88 543731.53 21.86
181453.88 543641.53 23.39
181453.88 543551.53 24.17
181453.88 543461.53 23.12
181453.88 543371.53 23.18
181453.88 543281.53 25.60
181453.88 543191.53 23.28
181453.88 543101.53 18.33
181453.88 543011.53 17.13
181453.88 542921.53 16.39
181453.88 542831.53 16.93
181453.88 542741.53 22.29
181453.88 542651.53 24.32
181453.88 542561.53 27.00
181453.88 542471.53 30.24
181453.88 542381.53 39.28
181453.88 542291.53 39.94
181453.88 542201.53 45.40
181543.88 547241.53 16.26
181543.88 547151.53 14.04
181543.88 547061.53 13.78
181543.88 546971.53 17.15
181543.88 546881.53 19.99
181543.88 546791.53 21.69
181543.88 546701.53 23.32
181543.88 546611.53 23.41
181543.88 546521.53 25.05
181543.88 546431.53 26.42
181543.88 546341.53 41.73
181543.88 546251.53 55.86
181543.88 546161.53 56.52
181543.88 546071.53 54.44
181543.88 545981.53 51.58
181543.88 545891.53 47.78
181543.88 545801.53 51.13
181543.88 545711.53 61.44
181543.88 545621.53 71.40
181543.88 545531.53 69.68
181543.88 545441.53 58.54
181543.88 545351.53 66.77
181543.88 545261.53 68.74
181543.88 545171.53 57.07
181543.88 545081.53 41.96
181543.88 544991.53 26.02
181543.88 544901.53 18.95
181543.88 544811.53 20.02
181543.88 544721.53 21.80
181543.88 544631.53 24.84
181543.88 544541.53 25.98
181543.88 544451.53 25.62
181543.88 544361.53 29.54
181543.88 544271.53 27.39
181543.88 544181.53 25.36
181543.88 544091.53 25.94
181543.88 544001.53 24.72
181543.88 543911.53 25.65
181543.88 543821.53 25.81
181543.88 543731.53 25.45
181543.88 543641.53 26.81
181543.88 543551.53 26.53
181543.88 543461.53 28.43
181543.88 543371.53 29.35
181543.88 543281.53 33.56
181543.88 543191.53 29.83
181543.88 543101.53 21.90
181543.88 543011.53 20.89
181543.88 542921.53 17.02
181543.88 542831.53 17.04
181543.88 542741.53 18.35
181543.88 542651.53 21.09
181543.88 542561.53 25.99
181543.88 542471.53 27.10
181543.88 542381.53 31.02
181543.88 542291.53 32.42
181543.88 542201.53 34.24
181633.88 547331.53 18.09
181633.88 547241.53 18.59
181633.88 547151.53 16.08
181633.88 547061.53 15.07
181633.88 546971.53 17.13
181633.88 546881.53 23.06
181633.88 546791.53 26.29
181633.88 546701.53 27.44
181633.88 546611.53 24.30
181633.88 546521.53 28.78
181633.88 546431.53 29.64
181633.88 546341.53 45.78
181633.88 546251.53 61.07
181633.88 546161.53 49.64
181633.88 546071.53 44.99
181633.88 545981.53 40.74
181633.88 545891.53 38.53
181633.88 545801.53 38.69
181633.88 545711.53 42.13
181633.88 545621.53 51.68
181633.88 545531.53 59.33
181633.88 545441.53 46.09
181633.88 545351.53 53.25
181633.88 545261.53 54.08
181633.88 545171.53 40.59
181633.88 545081.53 32.13
181633.88 544991.53 26.18
181633.88 544901.53 19.67
181633.88 544811.53 22.09
181633.88 544721.53 27.24
181633.88 544631.53 30.25
181633.88 544541.53 31.06
181633.88 544451.53 28.76
181633.88 544361.53 29.61
181633.88 544271.53 34.31
181633.88 544181.53 35.50
181633.88 544091.53 33.66
181633.88 544001.53 28.15
181633.88 543911.53 28.09
181633.88 543821.53 28.62
181633.88 543731.53 33.21
181633.88 543641.53 32.94
181633.88 543551.53 35.83
181633.88 543461.53 37.96
181633.88 543371.53 38.67
181633.88 543281.53 44.97
181633.88 543191.53 36.31
181633.88 543101.53 25.90
181633.88 543011.53 27.06
181633.88 542921.53 20.70
181633.88 542831.53 17.96
181633.88 542741.53 17.81
181633.88 542651.53 20.10
181633.88 542561.53 25.63
181633.88 542471.53 25.59
181633.88 542381.53 27.32
181633.88 542291.53 28.63
181633.88 542201.53 30.48
181723.88 547331.53 20.59
181723.88 547241.53 20.61
181723.88 547151.53 17.83
181723.88 547061.53 17.21
181723.88 546971.53 20.09
181723.88 546881.53 23.91
181723.88 546791.53 29.21
181723.88 546701.53 29.99
181723.88 546611.53 30.43
181723.88 546521.53 33.23
181723.88 546431.53 35.59
181723.88 546341.53 65.20
181723.88 546251.53 65.27
181723.88 546161.53 56.40
181723.88 546071.53 54.42
181723.88 545981.53 43.42
181723.88 545891.53 35.10
181723.88 545801.53 33.54
181723.88 545711.53 34.10
181723.88 545621.53 37.47
181723.88 545531.53 41.66
181723.88 545441.53 37.69
181723.88 545351.53 43.71
181723.88 545261.53 36.15
181723.88 545171.53 30.01
181723.88 545081.53 26.64
181723.88 544991.53 24.54
181723.88 544901.53 20.94
181723.88 544811.53 22.71
181723.88 544721.53 27.23
181723.88 544631.53 35.06
181723.88 544541.53 35.94
181723.88 544451.53 33.05
181723.88 544361.53 32.54
181723.88 544271.53 47.69
181723.88 544181.53 53.80
181723.88 544091.53 40.17
181723.88 544001.53 34.98
181723.88 543911.53 31.99
181723.88 543821.53 33.26
181723.88 543731.53 40.71
181723.88 543641.53 41.11
181723.88 543551.53 45.06
181723.88 543461.53 46.88
181723.88 543371.53 57.74
181723.88 543281.53 60.20
181723.88 543191.53 44.81
181723.88 543101.53 33.07
181723.88 543011.53 34.35
181723.88 542921.53 24.77
181723.88 542831.53 21.01
181723.88 542741.53 18.78
181723.88 542651.53 20.47
181723.88 542561.53 25.39
181723.88 542471.53 25.26
181723.88 542381.53 24.39
181723.88 542291.53 25.60
181723.88 542201.53 27.38
181813.88 547421.53 15.41
181813.88 547331.53 17.25
181813.88 547241.53 18.87
181813.88 547151.53 20.26
181813.88 547061.53 20.72
181813.88 546971.53 22.82
181813.88 546881.53 25.93
181813.88 546791.53 29.67
181813.88 546701.53 30.71
181813.88 546611.53 30.51
181813.88 546521.53 31.14
181813.88 546431.53 33.63
181813.88 546341.53 62.25
181813.88 546251.53 72.82
181813.88 546161.53 74.22
181813.88 546071.53 68.38
181813.88 545981.53 53.16
181813.88 545891.53 38.97
181813.88 545801.53 32.79
181813.88 545711.53 31.03
181813.88 545621.53 29.85
181813.88 545531.53 31.73
181813.88 545441.53 33.14
181813.88 545351.53 38.35
181813.88 545261.53 35.69
181813.88 545171.53 30.44
181813.88 545081.53 26.03
181813.88 544991.53 23.31
181813.88 544901.53 22.24
181813.88 544811.53 23.16
181813.88 544721.53 25.75
181813.88 544631.53 36.09
181813.88 544541.53 40.11
181813.88 544451.53 39.60
181813.88 544361.53 34.47
181813.88 544271.53 40.80
181813.88 544181.53 54.11
181813.88 544091.53 51.04
181813.88 544001.53 44.79
181813.88 543911.53 36.22
181813.88 543821.53 37.70
181813.88 543731.53 45.93
181813.88 543641.53 47.35
181813.88 543551.53 57.88
181813.88 543461.53 75.51
181813.88 543371.53 91.38
181813.88 543281.53 79.26
181813.88 543191.53 54.00
181813.88 543101.53 43.75
181813.88 543011.53 48.71
181813.88 542921.53 32.40
181813.88 542831.53 28.93
181813.88 542741.53 20.21
181813.88 542651.53 22.04
181813.88 542561.53 25.47
181813.88 542471.53 25.12
181813.88 542381.53 24.11
181813.88 542291.53 23.68
181813.88 542201.53 24.76
181903.88 547421.53 17.19
181903.88 547331.53 17.66
181903.88 547241.53 21.44
181903.88 547151.53 22.28
181903.88 547061.53 24.43
181903.88 546971.53 25.31
181903.88 546881.53 27.35
181903.88 546791.53 29.23
181903.88 546701.53 29.73
181903.88 546611.53 28.02
181903.88 546521.53 27.78
181903.88 546431.53 26.52
181903.88 546341.53 43.53
181903.88 546251.53 59.38
181903.88 546161.53 72.26
181903.88 546071.53 82.07
181903.88 545981.53 65.11
181903.88 545891.53 52.03
181903.88 545801.53 38.78
181903.88 545711.53 30.85
181903.88 545621.53 26.07
181903.88 545531.53 27.63
181903.88 545441.53 31.89
181903.88 545351.53 34.68
181903.88 545261.53 36.27
181903.88 545171.53 33.74
181903.88 545081.53 25.51
181903.88 544991.53 27.04
181903.88 544901.53 27.03
181903.88 544811.53 26.24
181903.88 544721.53 28.52
181903.88 544631.53 34.38
181903.88 544541.53 44.33
181903.88 544451.53 55.30
181903.88 544361.53 42.68
181903.88 544271.53 42.41
181903.88 544181.53 55.50
181903.88 544091.53 62.40
181903.88 544001.53 57.95
181903.88 543911.53 50.32
181903.88 543821.53 44.52
181903.88 543731.53 55.72
181903.88 543641.53 77.93
181903.88 543551.53 87.63
181903.88 543461.53 98.42
181903.88 543371.53 104.59
181903.88 543281.53 84.39
181903.88 543191.53 70.31
181903.88 543101.53 60.45
181903.88 543011.53 58.56
181903.88 542921.53 38.91
181903.88 542831.53 31.20
181903.88 542741.53 24.12
181903.88 542651.53 25.72
181903.88 542561.53 26.52
181903.88 542471.53 24.72
181903.88 542381.53 25.08
181903.88 542291.53 23.49
181903.88 542201.53 24.02
181993.88 547421.53 15.91
181993.88 547331.53 22.45
181993.88 547241.53 24.71
181993.88 547151.53 23.39
181993.88 547061.53 24.53
181993.88 546971.53 24.29
181993.88 546881.53 28.61
181993.88 546791.53 29.18
181993.88 546701.53 27.32
181993.88 546611.53 24.82
181993.88 546521.53 24.63
181993.88 546431.53 23.03
181993.88 546341.53 30.99
181993.88 546251.53 39.11
181993.88 546161.53 52.27
181993.88 546071.53 62.25
181993.88 545981.53 63.15
181993.88 545891.53 60.70
181993.88 545801.53 44.71
181993.88 545711.53 34.27
181993.88 545621.53 26.07
181993.88 545531.53 26.33
181993.88 545441.53 28.20
181993.88 545351.53 31.08
181993.88 545261.53 35.26
181993.88 545171.53 35.88
181993.88 545081.53 30.50
181993.88 544991.53 33.00
181993.88 544901.53 32.55
181993.88 544811.53 31.57
181993.88 544721.53 30.46
181993.88 544631.53 36.18
181993.88 544541.53 52.37
181993.88 544451.53 56.25
181993.88 544361.53 48.46
181993.88 544271.53 45.89
181993.88 544181.53 62.46
181993.88 544091.53 88.91
181993.88 544001.53 81.85
181993.88 543911.53 64.42
181993.88 543821.53 53.27
181993.88 543731.53 60.56
181993.88 543641.53 88.94
181993.88 543551.53 114.15
181993.88 543461.53 106.10
181993.88 543371.53 113.31
181993.88 543281.53 92.20
181993.88 543191.53 75.50
181993.88 543101.53 62.60
181993.88 543011.53 49.34
181993.88 542921.53 38.55
181993.88 542831.53 30.41
181993.88 542741.53 33.64
181993.88 542651.53 29.03
181993.88 542561.53 29.15
181993.88 542471.53 29.21
181993.88 542381.53 29.29
181993.88 542291.53 25.15
181993.88 542201.53 25.84
182083.88 547421.53 14.71
182083.88 547331.53 17.99
182083.88 547241.53 20.26
182083.88 547151.53 19.85
182083.88 547061.53 21.09
182083.88 546971.53 22.31
182083.88 546881.53 29.23
182083.88 546791.53 29.41
182083.88 546701.53 27.63
182083.88 546611.53 24.83
182083.88 546521.53 22.80
182083.88 546431.53 22.45
182083.88 546341.53 20.71
182083.88 546251.53 30.38
182083.88 546161.53 34.76
182083.88 546071.53 44.15
182083.88 545981.53 44.60
182083.88 545891.53 42.16
182083.88 545801.53 41.36
182083.88 545711.53 32.84
182083.88 545621.53 25.61
182083.88 545531.53 26.58
182083.88 545441.53 29.09
182083.88 545351.53 32.02
182083.88 545261.53 34.71
182083.88 545171.53 34.98
182083.88 545081.53 33.26
182083.88 544991.53 34.32
182083.88 544901.53 36.94
182083.88 544811.53 39.04
182083.88 544721.53 36.28
182083.88 544631.53 41.90
182083.88 544541.53 50.52
182083.88 544451.53 68.76
182083.88 544361.53 54.36
182083.88 544271.53 51.27
182083.88 544181.53 76.01
182083.88 544091.53 93.53
182083.88 544001.53 105.76
182083.88 543911.53 80.63
182083.88 543821.53 65.67
182083.88 543731.53 69.59
182083.88 543641.53 102.02
182083.88 543551.53 102.39
182083.88 543461.53 95.53
182083.88 543371.53 115.57
182083.88 543281.53 99.94
182083.88 543191.53 81.12
182083.88 543101.53 70.67
182083.88 543011.53 57.74
182083.88 542921.53 47.85
182083.88 542831.53 35.37
182083.88 542741.53 41.75
182083.88 542651.53 31.24
182083.88 542561.53 32.99
182083.88 542471.53 34.72
182083.88 542381.53 31.92
182083.88 542291.53 31.80
182083.88 542201.53 34.12
182083.88 542111.53 30.77
182173.88 547331.53 14.27
182173.88 547241.53 14.94
182173.88 547151.53 15.04
182173.88 547061.53 17.05
182173.88 546971.53 20.25
182173.88 546881.53 27.84
182173.88 546791.53 27.79
182173.88 546701.53 27.33
182173.88 546611.53 26.54
182173.88 546521.53 24.86
182173.88 546431.53 21.37
182173.88 546341.53 18.61
182173.88 546251.53 20.12
182173.88 546161.53 20.74
182173.88 545711.53 23.72
182173.88 545621.53 25.52
182173.88 545531.53 31.23
182173.88 545441.53 43.83
182173.88 545351.53 46.30
182173.88 545261.53 42.59
182173.88 545171.53 34.37
182173.88 545081.53 36.71
182173.88 544991.53 36.84
182173.88 544901.53 37.22
182173.88 544811.53 37.63
182173.88 544721.53 37.36
182173.88 544631.53 49.73
182173.88 544541.53 61.94
182173.88 544451.53 81.60
182173.88 544361.53 87.15
182173.88 544271.53 72.25
182173.88 544181.53 92.05
182173.88 544091.53 112.51
182173.88 544001.53 142.84
182173.88 543911.53 114.69
182173.88 543821.53 101.99
182173.88 543731.53 112.78
182173.88 543641.53 124.67
182173.88 543551.53 97.32
182173.88 543461.53 68.07
182173.88 543371.53 73.67
182173.88 543281.53 77.92
182173.88 543191.53 78.63
182173.88 543101.53 74.15
182173.88 543011.53 63.18
182173.88 542921.53 51.38
182173.88 542831.53 46.63
182173.88 542741.53 41.43
182173.88 542651.53 36.99
182173.88 542561.53 37.34
182173.88 542471.53 40.87
182173.88 542381.53 41.23
182173.88 542291.53 38.23
182173.88 542201.53 35.53
182173.88 542111.53 35.73
182263.88 547241.53 13.06
182263.88 547151.53 13.59
182263.88 547061.53 15.11
182263.88 546971.53 18.24
182263.88 546881.53 21.85
182263.88 546791.53 24.38
182263.88 546701.53 24.26
182263.88 546611.53 25.13
182263.88 546521.53 24.39
182263.88 546431.53 23.20
182263.88 545711.53 22.45
182263.88 545621.53 24.08
182263.88 545531.53 27.91
182263.88 545441.53 33.41
182263.88 545351.53 39.18
182263.88 545261.53 47.55
182263.88 545171.53 36.89
182263.88 545081.53 37.74
182263.88 544991.53 45.36
182263.88 544901.53 38.70
182263.88 544811.53 40.58
182263.88 544721.53 45.80
182263.88 544631.53 59.93
182263.88 544541.53 66.46
182263.88 544451.53 80.01
182263.88 544361.53 96.67
182263.88 544271.53 85.70
182263.88 544181.53 114.87
182263.88 544091.53 135.67
182263.88 544001.53 156.39
182263.88 543911.53 132.82
182263.88 543821.53 107.95
182263.88 543731.53 104.13
182263.88 543641.53 109.53
182263.88 543551.53 104.00
182263.88 543461.53 73.51
182263.88 543371.53 58.86
182263.88 543281.53 57.92
182263.88 543191.53 65.00
182263.88 543101.53 74.93
182263.88 543011.53 73.62
182263.88 542921.53 68.39
182263.88 542831.53 56.59
182263.88 542741.53 44.19
182263.88 542651.53 37.67
182263.88 542561.53 36.21
182263.88 542471.53 41.64
182263.88 542381.53 42.29
182263.88 542291.53 38.67
182263.88 542201.53 34.67
182263.88 542111.53 35.73
182353.88 547151.53 12.57
182353.88 547061.53 13.59
182353.88 546971.53 15.12
182353.88 546881.53 15.12
182353.88 546791.53 15.73
182353.88 546701.53 15.90
182353.88 545711.53 22.60
182353.88 545621.53 25.18
182353.88 545531.53 27.59
182353.88 545441.53 30.32
182353.88 545351.53 35.94
182353.88 545261.53 50.97
182353.88 545171.53 44.77
182353.88 545081.53 52.87
182353.88 544991.53 67.42
182353.88 544901.53 59.91
182353.88 544811.53 56.85
182353.88 544721.53 80.02
182353.88 544631.53 75.25
182353.88 544541.53 94.66
182353.88 544451.53 90.00
182353.88 544361.53 108.64
182353.88 544271.53 108.89
182353.88 544181.53 138.34
182353.88 544091.53 148.34
182353.88 544001.53 128.99
182353.88 543911.53 114.93
182353.88 543821.53 105.85
182353.88 543731.53 83.91
182353.88 543641.53 82.30
182353.88 543551.53 89.55
182353.88 543461.53 80.48
182353.88 543371.53 65.38
182353.88 543281.53 51.00
182353.88 543191.53 57.53
182353.88 543101.53 61.52
182353.88 543011.53 68.83
182353.88 542921.53 69.11
182353.88 542831.53 61.85
182353.88 542741.53 45.14
182353.88 542651.53 37.68
182353.88 542561.53 34.12
182353.88 542471.53 37.34
182353.88 542381.53 35.95
182353.88 542291.53 34.45
182353.88 542201.53 34.33
182353.88 542111.53 34.87
182443.88 545711.53 26.82
182443.88 545621.53 29.53
182443.88 545531.53 43.88
182443.88 545441.53 45.75
182443.88 545351.53 42.87
182443.88 545261.53 48.70
182443.88 545171.53 59.88
182443.88 545081.53 79.76
182443.88 544991.53 87.56
182443.88 544901.53 75.29
182443.88 544811.53 73.97
182443.88 544721.53 90.67
182443.88 544631.53 98.53
182443.88 544541.53 96.87
182443.88 544451.53 108.27
182443.88 544361.53 103.30
182443.88 544271.53 97.60
182443.88 544181.53 134.44
182443.88 544091.53 116.71
182443.88 544001.53 101.95
182443.88 543911.53 94.01
182443.88 543821.53 98.25
182443.88 543731.53 74.43
182443.88 543641.53 68.88
182443.88 543551.53 83.11
182443.88 543461.53 64.99
182443.88 543371.53 56.40
182443.88 543281.53 49.28
182443.88 543191.53 46.33
182443.88 543101.53 62.76
182443.88 543011.53 58.31
182443.88 542921.53 59.13
182443.88 542831.53 57.84
182443.88 542741.53 44.89
182443.88 542651.53 39.12
182443.88 542561.53 32.73
182443.88 542471.53 33.50
182443.88 542381.53 32.33
182443.88 542291.53 32.61
182443.88 542201.53 34.47
182443.88 542111.53 34.91
182533.88 545711.53 32.78
182533.88 545621.53 38.67
182533.88 545531.53 51.46
182533.88 545441.53 68.88
182533.88 545351.53 73.47
182533.88 545261.53 48.42
182533.88 545171.53 81.27
182533.88 545081.53 102.23
182533.88 544991.53 87.53
182533.88 544901.53 86.45
182533.88 544811.53 96.16
182533.88 544721.53 116.60
182533.88 544631.53 110.59
182533.88 544541.53 80.39
182533.88 544451.53 93.20
182533.88 544361.53 86.15
182533.88 544271.53 78.11
182533.88 544181.53 109.56
182533.88 544091.53 91.43
182533.88 544001.53 80.17
182533.88 543911.53 75.93
182533.88 543821.53 91.44
182533.88 543731.53 70.82
182533.88 543641.53 56.41
182533.88 543551.53 72.31
182533.88 543461.53 75.73
182533.88 543371.53 57.64
182533.88 543281.53 49.38
182533.88 543191.53 42.53
182533.88 543101.53 42.95
182533.88 543011.53 54.76
182533.88 542921.53 51.08
182533.88 542831.53 53.50
182533.88 542741.53 40.87
182533.88 542651.53 38.14
182533.88 542561.53 31.66
182533.88 542471.53 31.03
182533.88 542381.53 31.60
182533.88 542291.53 32.16
182533.88 542201.53 35.54
182533.88 542111.53 39.17
182623.88 545711.53 26.14
182623.88 545621.53 30.75
182623.88 545531.53 40.13
182623.88 545441.53 59.43
182623.88 545351.53 60.56
182623.88 545261.53 41.24
182623.88 545171.53 61.59
182623.88 545081.53 72.27
182623.88 544991.53 63.92
182623.88 544901.53 70.37
182623.88 544811.53 89.79
182623.88 544721.53 115.42
182623.88 544631.53 110.39
182623.88 544541.53 75.57
182623.88 544451.53 70.26
182623.88 544361.53 71.17
182623.88 544271.53 65.66
182623.88 544181.53 82.37
182623.88 544091.53 79.72
182623.88 544001.53 70.39
182623.88 543911.53 60.89
182623.88 543821.53 88.54
182623.88 543731.53 88.91
182623.88 543641.53 58.32
182623.88 543551.53 54.73
182623.88 543461.53 90.67
182623.88 543371.53 65.60
182623.88 543281.53 63.27
182623.88 543191.53 55.10
182623.88 543101.53 39.63
182623.88 543011.53 39.39
182623.88 542921.53 39.85
182623.88 542831.53 41.15
182623.88 542741.53 40.79
182623.88 542651.53 35.32
182623.88 542561.53 29.49
182623.88 542471.53 29.93
182623.88 542381.53 30.30
182623.88 542291.53 34.11
182623.88 542201.53 39.15
182623.88 542111.53 44.30
182713.88 545711.53 31.09
182713.88 545621.53 25.75
182713.88 545531.53 32.68
182713.88 545441.53 39.23
182713.88 545351.53 41.53
182713.88 545261.53 36.09
182713.88 545171.53 41.30
182713.88 545081.53 42.29
182713.88 544991.53 45.44
182713.88 544901.53 60.59
182713.88 544811.53 79.56
182713.88 544721.53 99.02
182713.88 544631.53 88.76
182713.88 544541.53 67.81
182713.88 544451.53 56.05
182713.88 544361.53 54.77
182713.88 544271.53 54.05
182713.88 544181.53 64.11
182713.88 544091.53 66.65
182713.88 544001.53 67.58
182713.88 543911.53 52.16
182713.88 543821.53 64.93
182713.88 543731.53 89.46
182713.88 543641.53 63.16
182713.88 543551.53 45.11
182713.88 543461.53 83.90
182713.88 543371.53 83.72
182713.88 543281.53 76.92
182713.88 543191.53 55.07
182713.88 543101.53 45.74
182713.88 543011.53 35.41
182713.88 542921.53 33.24
182713.88 542831.53 34.11
182713.88 542741.53 36.36
182713.88 542651.53 30.58
182713.88 542561.53 29.01
182713.88 542471.53 29.03
182713.88 542381.53 30.40
182713.88 542291.53 34.78
182713.88 542201.53 37.40
182803.88 545711.53 23.79
182803.88 545621.53 24.85
182803.88 545531.53 25.99
182803.88 545441.53 27.71
182803.88 545351.53 30.64
182803.88 545261.53 31.98
182803.88 545171.53 32.63
182803.88 545081.53 35.63
182803.88 544991.53 43.82
182803.88 544901.53 64.77
182803.88 544811.53 84.00
182803.88 544721.53 98.75
182803.88 544631.53 75.55
182803.88 544541.53 58.41
182803.88 544451.53 50.12
182803.88 544361.53 48.13
182803.88 544271.53 50.92
182803.88 544181.53 56.32
182803.88 544091.53 50.90
182803.88 544001.53 52.00
182803.88 543911.53 48.24
182803.88 543821.53 48.66
182803.88 543731.53 63.17
182803.88 543641.53 60.40
182803.88 543551.53 40.55
182803.88 543461.53 67.22
182803.88 543371.53 78.06
182803.88 543281.53 64.41
182803.88 543191.53 46.78
182803.88 543101.53 39.65
182803.88 543011.53 34.45
182803.88 542921.53 31.11
182803.88 542831.53 30.24
182803.88 542741.53 30.94
182803.88 542651.53 29.13
182803.88 542561.53 29.28
182803.88 542471.53 29.30
182803.88 542381.53 32.67
182803.88 542291.53 34.41
182803.88 542201.53 33.80
182893.88 545711.53 17.87
182893.88 545621.53 18.87
182893.88 545531.53 19.93
182893.88 545441.53 24.71
182893.88 545351.53 27.09
182893.88 545261.53 28.05
182893.88 545171.53 41.29
182893.88 545081.53 55.92
182893.88 544991.53 64.57
182893.88 544901.53 70.15
182893.88 544811.53 91.81
182893.88 544721.53 91.20
182893.88 544631.53 65.39
182893.88 544541.53 52.33
182893.88 544451.53 43.04
182893.88 544361.53 43.92
182893.88 544271.53 51.19
182893.88 544181.53 53.36
182893.88 544091.53 47.60
182893.88 544001.53 44.32
182893.88 543911.53 38.83
182893.88 543821.53 38.62
182893.88 543731.53 39.21
182893.88 543641.53 40.44
182893.88 543551.53 37.31
182893.88 543461.53 36.74
182893.88 543371.53 45.54
182893.88 543281.53 43.16
182893.88 543191.53 38.09
182893.88 543101.53 34.55
182893.88 543011.53 31.40
182893.88 542921.53 28.81
182893.88 542831.53 27.55
182893.88 542741.53 27.70
182893.88 542651.53 27.74
182893.88 542561.53 29.76
182893.88 542471.53 36.95
182893.88 542381.53 42.49
182893.88 542291.53 44.41
182893.88 542201.53 43.03
182983.88 545711.53 27.92
182983.88 545621.53 23.45
182983.88 545531.53 22.88
182983.88 545441.53 24.30
182983.88 545351.53 24.94
182983.88 545261.53 25.55
182983.88 545171.53 31.43
182983.88 545081.53 45.18
182983.88 544991.53 62.32
182983.88 544901.53 53.92
182983.88 544811.53 74.53
182983.88 544721.53 68.41
182983.88 544631.53 58.56
182983.88 544541.53 44.29
182983.88 544451.53 40.78
182983.88 544361.53 42.02
182983.88 544271.53 47.60
182983.88 544181.53 48.07
182983.88 544091.53 45.44
182983.88 544001.53 41.99
182983.88 543911.53 38.11
182983.88 543821.53 35.68
182983.88 543731.53 33.75
182983.88 543641.53 32.69
182983.88 543551.53 32.10
182983.88 543461.53 30.40
182983.88 543371.53 34.53
182983.88 543281.53 38.56
182983.88 543191.53 37.88
182983.88 543101.53 36.68
182983.88 543011.53 32.12
182983.88 542921.53 28.53
182983.88 542831.53 26.46
182983.88 542741.53 25.49
182983.88 542651.53 26.05
182983.88 542561.53 30.92
182983.88 542471.53 49.40
182983.88 542381.53 52.71
182983.88 542291.53 46.85
183073.88 545711.53 32.03
183073.88 545621.53 29.71
183073.88 545531.53 25.48
183073.88 545441.53 24.93
183073.88 545351.53 25.32
183073.88 545261.53 25.58
183073.88 545171.53 25.98
183073.88 545081.53 32.58
183073.88 544991.53 46.11
183073.88 544901.53 41.99
183073.88 544811.53 53.51
183073.88 544721.53 47.37
183073.88 544631.53 42.13
183073.88 544541.53 40.73
183073.88 544451.53 40.59
183073.88 544361.53 43.43
183073.88 544271.53 52.07
183073.88 544181.53 51.90
183073.88 544091.53 47.61
183073.88 544001.53 44.15
183073.88 543911.53 38.61
183073.88 543821.53 35.46
183073.88 543731.53 33.23
183073.88 543641.53 32.51
183073.88 543551.53 31.27
183073.88 543461.53 28.92
183073.88 543371.53 29.80
183073.88 543281.53 31.67
183073.88 543191.53 34.69
183073.88 543101.53 34.01
183073.88 543011.53 32.27
183073.88 542921.53 27.96
183073.88 542831.53 25.74
183073.88 542741.53 24.88
183073.88 542651.53 25.30
183073.88 542561.53 32.97
183073.88 542471.53 49.10
183073.88 542381.53 55.20
183073.88 542291.53 44.81
183163.88 545711.53 33.86
183163.88 545621.53 31.47
183163.88 545531.53 27.50
183163.88 545441.53 26.25
183163.88 545351.53 26.72
183163.88 545261.53 26.42
183163.88 545171.53 26.49
183163.88 545081.53 27.79
183163.88 544991.53 29.66
183163.88 544901.53 34.14
183163.88 544811.53 35.82
183163.88 544721.53 35.55
183163.88 544631.53 35.80
183163.88 544541.53 41.33
183163.88 544451.53 55.32
183163.88 544361.53 55.53
183163.88 544271.53 55.80
183163.88 544181.53 52.84
183163.88 544091.53 46.09
183163.88 544001.53 41.55
183163.88 543911.53 38.54
183163.88 543821.53 36.89
183163.88 543731.53 36.09
183163.88 543641.53 32.53
183163.88 543551.53 30.83
183163.88 543461.53 27.59
183163.88 543371.53 27.04
183163.88 543281.53 27.77
183163.88 543191.53 30.28
183163.88 543101.53 34.86
183163.88 543011.53 29.99
183163.88 542921.53 27.39
183163.88 542831.53 24.84
183163.88 542741.53 23.97
183163.88 542651.53 25.30
183163.88 542561.53 30.65
183163.88 542471.53 45.55
183163.88 542381.53 51.21
183253.88 545711.53 36.02
183253.88 545621.53 30.63
183253.88 545531.53 29.00
183253.88 545441.53 27.90
183253.88 545351.53 28.34
183253.88 545261.53 27.96
183253.88 545171.53 27.57
183253.88 545081.53 27.88
183253.88 544991.53 29.46
183253.88 544901.53 30.06
183253.88 544811.53 31.63
183253.88 544721.53 33.11
183253.88 544631.53 41.28
183253.88 544541.53 52.31
183253.88 544451.53 65.93
183253.88 544361.53 58.96
183253.88 544271.53 65.97
183253.88 544181.53 54.32
183253.88 544091.53 56.71
183253.88 544001.53 51.37
183253.88 543911.53 43.52
183253.88 543821.53 38.82
183253.88 543731.53 36.30
183253.88 543641.53 34.00
183253.88 543551.53 34.15
183253.88 543461.53 27.06
183253.88 543371.53 26.05
183253.88 543281.53 25.74
183253.88 543191.53 26.14
183253.88 543101.53 28.28
183253.88 543011.53 26.02
183253.88 542921.53 24.68
183253.88 542831.53 24.90
183253.88 542741.53 23.97
183253.88 542651.53 25.44
183253.88 542561.53 31.59
183253.88 542471.53 41.12
183253.88 542381.53 42.93
183343.88 545711.53 36.53
183343.88 545621.53 31.87
183343.88 545531.53 29.75
183343.88 545441.53 29.24
183343.88 545351.53 29.31
183343.88 545261.53 29.00
183343.88 545171.53 29.59
183343.88 545081.53 40.81
183343.88 544991.53 37.60
183343.88 544901.53 30.37
183343.88 544811.53 31.22
183343.88 544721.53 41.10
183343.88 544631.53 63.81
183343.88 544541.53 65.09
183343.88 544451.53 76.37
183343.88 544361.53 69.77
183343.88 544271.53 89.18
183343.88 544181.53 70.57
183343.88 544091.53 67.03
183343.88 544001.53 55.40
183343.88 543911.53 52.42
183343.88 543821.53 43.79
183343.88 543731.53 39.41
183343.88 543641.53 43.25
183343.88 543551.53 38.45
183343.88 543461.53 29.22
183343.88 543371.53 26.70
183343.88 543281.53 25.41
183343.88 543191.53 24.67
183343.88 543101.53 24.35
183343.88 543011.53 24.18
183343.88 542921.53 23.60
183343.88 542831.53 25.18
183343.88 542741.53 24.47
183343.88 542651.53 29.07
183343.88 542561.53 33.74
183343.88 542471.53 39.17
183343.88 542381.53 39.07
183433.88 545711.53 36.79
183433.88 545621.53 32.25
183433.88 545531.53 31.96
183433.88 545441.53 32.28
183433.88 545351.53 42.15
183433.88 545261.53 32.27
183433.88 545171.53 31.72
183433.88 545081.53 44.20
183433.88 544991.53 47.20
183433.88 544901.53 35.16
183433.88 544811.53 32.55
183433.88 544721.53 37.92
183433.88 544631.53 57.10
183433.88 544541.53 71.68
183433.88 544451.53 83.61
183433.88 544361.53 87.95
183433.88 544271.53 110.34
183433.88 544181.53 78.69
183433.88 544091.53 73.28
183433.88 544001.53 72.36
183433.88 543911.53 64.99
183433.88 543821.53 58.64
183433.88 543731.53 48.94
183433.88 543641.53 48.90
183433.88 543551.53 42.03
183433.88 543461.53 34.40
183433.88 543371.53 29.09
183433.88 543281.53 26.74
183433.88 543191.53 24.90
183433.88 543101.53 23.57
183433.88 543011.53 23.17
183433.88 542921.53 23.27
183433.88 542831.53 23.30
183433.88 542741.53 27.71
183433.88 542651.53 34.77
183433.88 542561.53 36.06
183433.88 542471.53 32.75
183523.88 545711.53 38.86
183523.88 545621.53 34.32
183523.88 545531.53 34.13
183523.88 545441.53 38.23
183523.88 545351.53 53.12
183523.88 545261.53 46.39
183523.88 545171.53 34.24
183523.88 545081.53 37.72
183523.88 544991.53 52.78
183523.88 544901.53 43.45
183523.88 544811.53 35.49
183523.88 544721.53 37.10
183523.88 544631.53 46.39
183523.88 544541.53 55.33
183523.88 544451.53 61.84
183523.88 544361.53 79.16
183523.88 544271.53 96.26
183523.88 544181.53 68.73
183523.88 544091.53 57.84
183523.88 544001.53 70.63
183523.88 543911.53 75.44
183523.88 543821.53 62.29
183523.88 543731.53 54.41
183523.88 543641.53 50.36
183523.88 543551.53 43.83
183523.88 543461.53 35.34
183523.88 543371.53 32.06
183523.88 543281.53 28.38
183523.88 543191.53 25.82
183523.88 543101.53 24.25
183523.88 543011.53 23.31
183523.88 542921.53 24.65
183523.88 542831.53 22.78
183523.88 542741.53 33.98
183523.88 542651.53 38.99
183523.88 542561.53 37.70
183523.88 542471.53 30.51
183613.88 545621.53 39.45
183613.88 545531.53 39.68
183613.88 545441.53 50.73
183613.88 545351.53 64.98
183613.88 545261.53 51.08
183613.88 545171.53 41.42
183613.88 545081.53 40.66
183613.88 544991.53 44.17
183613.88 544901.53 52.58
183613.88 544811.53 60.33
183613.88 544721.53 49.57
183613.88 544631.53 44.33
183613.88 544541.53 43.51
183613.88 544451.53 48.05
183613.88 544361.53 55.58
183613.88 544271.53 66.76
183613.88 544181.53 57.45
183613.88 544091.53 48.57
183613.88 544001.53 48.00
183613.88 543911.53 54.12
183613.88 543821.53 56.08
183613.88 543731.53 56.44
183613.88 543641.53 55.01
183613.88 543551.53 49.67
183613.88 543461.53 33.99
183613.88 543371.53 31.20
183613.88 543281.53 28.28
183613.88 543191.53 27.47
183613.88 543101.53 26.46
183613.88 543011.53 24.56
183613.88 542921.53 22.68
183613.88 542831.53 21.05
183613.88 542741.53 27.12
183613.88 542651.53 38.45
183613.88 542561.53 31.36
183703.88 545621.53 42.68
183703.88 545531.53 47.10
183703.88 545441.53 51.94
183703.88 545351.53 72.69
183703.88 545261.53 57.36
183703.88 545171.53 46.95
183703.88 545081.53 41.01
183703.88 544991.53 41.25
183703.88 544901.53 55.26
183703.88 544811.53 69.16
183703.88 544721.53 62.27
183703.88 544631.53 52.22
183703.88 544541.53 43.77
183703.88 544451.53 50.50
183703.88 544361.53 65.87
183703.88 544271.53 68.18
183703.88 544181.53 59.53
183703.88 544091.53 49.09
183703.88 544001.53 42.07
183703.88 543911.53 42.26
183703.88 543821.53 46.92
183703.88 543731.53 53.11
183703.88 543641.53 53.01
183703.88 543551.53 49.28
183703.88 543461.53 38.88
183703.88 543371.53 33.85
183703.88 543281.53 31.30
183703.88 543191.53 29.45
183703.88 543101.53 27.00
183703.88 543011.53 24.23
183703.88 542921.53 21.59
183703.88 542831.53 20.54
183703.88 542741.53 22.18
183703.88 542651.53 33.42
183703.88 542561.53 32.19
183793.88 545621.53 46.55
183793.88 545531.53 55.01
183793.88 545441.53 77.49
183793.88 545351.53 79.85
183793.88 545261.53 62.40
183793.88 545171.53 46.51
183793.88 545081.53 43.42
183793.88 544991.53 49.66
183793.88 544901.53 47.07
183793.88 544811.53 65.88
183793.88 544721.53 78.03
183793.88 544631.53 61.40
183793.88 544541.53 49.14
183793.88 544451.53 59.87
183793.88 544361.53 85.48
183793.88 544271.53 81.99
183793.88 544181.53 49.92
183793.88 544091.53 44.68
183793.88 544001.53 41.41
183793.88 543911.53 37.64
183793.88 543821.53 38.42
183793.88 543731.53 42.30
183793.88 543641.53 48.17
183793.88 543551.53 47.88
183793.88 543461.53 40.46
183793.88 543371.53 38.36
183793.88 543281.53 35.94
183793.88 543191.53 29.88
183793.88 543101.53 27.71
183793.88 543011.53 24.61
183793.88 542921.53 21.23
183793.88 542831.53 20.29
183793.88 542741.53 20.90
183793.88 542651.53 25.67
183793.88 542561.53 27.81
183883.88 545621.53 53.50
183883.88 545531.53 64.05
183883.88 545441.53 86.13
183883.88 545351.53 85.85
183883.88 545261.53 75.99
183883.88 545171.53 53.46
183883.88 545081.53 47.82
183883.88 544991.53 59.16
183883.88 544901.53 48.36
183883.88 544811.53 56.70
183883.88 544721.53 70.93
183883.88 544631.53 63.43
183883.88 544541.53 55.35
183883.88 544451.53 63.34
183883.88 544361.53 91.49
183883.88 544271.53 76.29
183883.88 544181.53 49.84
183883.88 544091.53 45.52
183883.88 544001.53 43.62
183883.88 543911.53 43.48
183883.88 543821.53 37.06
183883.88 543731.53 35.43
183883.88 543641.53 38.66
183883.88 543551.53 41.61
183883.88 543461.53 34.93
183883.88 543371.53 36.69
183883.88 543281.53 31.70
183883.88 543191.53 29.89
183883.88 543101.53 26.10
183883.88 543011.53 22.75
183883.88 542921.53 22.45
183883.88 542831.53 20.67
183883.88 542741.53 20.36
183883.88 542651.53 21.74
183973.88 545621.53 67.57
183973.88 545531.53 67.20
183973.88 545441.53 86.84
183973.88 545351.53 86.73
183973.88 545261.53 78.30
183973.88 545171.53 56.78
183973.88 545081.53 57.02
183973.88 544991.53 67.88
183973.88 544901.53 56.71
183973.88 544811.53 56.27
183973.88 544721.53 68.35
183973.88 544631.53 76.65
183973.88 544541.53 71.57
183973.88 544451.53 80.01
183973.88 544361.53 84.07
183973.88 544271.53 75.94
183973.88 544181.53 68.81
183973.88 544091.53 53.44
183973.88 544001.53 56.07
183973.88 543911.53 58.27
183973.88 543821.53 46.82
183973.88 543731.53 35.48
183973.88 543641.53 32.40
183973.88 543551.53 35.76
183973.88 543461.53 31.75
183973.88 543371.53 30.46
183973.88 543281.53 28.37
183973.88 543191.53 27.34
183973.88 543101.53 26.04
183973.88 543011.53 23.68
183973.88 542921.53 22.76
183973.88 542831.53 20.80
183973.88 542741.53 19.91
183973.88 542651.53 19.55
184063.88 545621.53 82.60
184063.88 545531.53 76.84
184063.88 545441.53 88.47
184063.88 545351.53 88.24
184063.88 545261.53 75.66
184063.88 545171.53 58.36
184063.88 545081.53 65.44
184063.88 544991.53 78.05
184063.88 544901.53 64.89
184063.88 544811.53 61.78
184063.88 544721.53 81.78
184063.88 544631.53 77.55
184063.88 544541.53 67.74
184063.88 544451.53 67.99
184063.88 544361.53 69.08
184063.88 544271.53 63.60
184063.88 544181.53 70.82
184063.88 544091.53 68.25
184063.88 544001.53 78.97
184063.88 543911.53 81.08
184063.88 543821.53 52.98
184063.88 543731.53 41.05
184063.88 543641.53 31.34
184063.88 543551.53 31.25
184063.88 543461.53 33.08
184063.88 543371.53 30.54
184063.88 543281.53 30.58
184063.88 543191.53 29.77
184063.88 543101.53 34.65
184063.88 543011.53 33.49
184063.88 542921.53 29.90
184063.88 542831.53 22.33
184063.88 542741.53 20.94
184153.88 545621.53 84.17
184153.88 545531.53 89.81
184153.88 545441.53 88.73
184153.88 545351.53 88.62
184153.88 545261.53 79.31
184153.88 545171.53 61.77
184153.88 545081.53 79.09
184153.88 544991.53 89.95
184153.88 544901.53 70.74
184153.88 544811.53 79.29
184153.88 544721.53 89.85
184153.88 544631.53 74.55
184153.88 544541.53 59.39
184153.88 544451.53 52.41
184153.88 544361.53 50.48
184153.88 544271.53 55.89
184153.88 544091.53 63.55
184153.88 544001.53 71.92
184153.88 543911.53 64.26
184153.88 543821.53 56.10
184153.88 543731.53 44.52
184153.88 543641.53 30.62
184153.88 543551.53 30.11
184153.88 543461.53 38.50
184153.88 543371.53 39.97
184153.88 543281.53 35.50
184153.88 543191.53 33.16
184153.88 543101.53 38.83
184153.88 543011.53 42.90
184153.88 542921.53 35.90
184153.88 542831.53 32.46
184243.88 545621.53 82.04
184243.88 545531.53 96.94
184243.88 545441.53 111.31
184243.88 545351.53 108.39
184243.88 545261.53 87.07
184243.88 545171.53 74.45
184243.88 545081.53 97.55
184243.88 544991.53 100.79
184243.88 544901.53 89.58
184243.88 544811.53 91.36
184243.88 544721.53 88.46
184243.88 544631.53 69.02
184243.88 544541.53 54.14
184243.88 544451.53 48.99
184243.88 544361.53 46.22
184243.88 544091.53 61.23
184243.88 544001.53 69.71
184243.88 543911.53 51.39
184243.88 543821.53 42.95
184243.88 543731.53 35.39
184243.88 543641.53 30.23
184243.88 543551.53 29.44
184243.88 543461.53 43.30
184243.88 543371.53 41.53
184243.88 543281.53 37.23
184243.88 543191.53 43.73
184243.88 543101.53 44.64
184243.88 543011.53 43.27
184243.88 542921.53 35.42
184333.88 545621.53 80.49
184333.88 545531.53 96.67
184333.88 545441.53 118.13
184333.88 545351.53 101.56
184333.88 545261.53 83.98
184333.88 545171.53 77.04
184333.88 545081.53 91.46
184333.88 544991.53 78.69
184333.88 544901.53 81.20
184333.88 544811.53 59.82
184333.88 544721.53 65.96
184333.88 544631.53 62.91
184333.88 544541.53 78.46
184333.88 544451.53 65.51
184333.88 544001.53 63.80
184333.88 543911.53 55.59
184333.88 543821.53 40.92
184333.88 543731.53 31.86
184333.88 543641.53 27.51
184333.88 543551.53 29.88
184333.88 543461.53 35.33
184333.88 543371.53 37.07
184333.88 543281.53 34.93
184333.88 543191.53 37.83
184333.88 543101.53 32.63
184333.88 543011.53 30.55
184423.88 545621.53 89.65
184423.88 545531.53 104.83
184423.88 545441.53 131.14
184423.88 545351.53 108.86
184423.88 545261.53 85.29
184423.88 545171.53 67.82
184423.88 545081.53 71.75
184423.88 544991.53 71.31
184423.88 544901.53 60.74
184423.88 544811.53 53.26
184423.88 544721.53 47.57
184423.88 544631.53 52.19
184423.88 543911.53 45.21
184423.88 543821.53 36.70
184423.88 543731.53 29.08
184423.88 543641.53 26.09
184423.88 543551.53 26.25
184423.88 543461.53 29.30
184423.88 543371.53 32.54
184423.88 543281.53 34.39
184423.88 543191.53 33.41
184423.88 543101.53 30.76
184513.88 545621.53 96.17
184513.88 545531.53 115.92
184513.88 545441.53 117.01
184513.88 545351.53 101.68
184513.88 545261.53 74.66
184513.88 545171.53 60.51
184513.88 545081.53 59.17
184513.88 544991.53 71.25
184513.88 544901.53 44.96
184513.88 544811.53 41.57
184513.88 544721.53 39.62
184513.88 543821.53 38.49
184513.88 543731.53 28.20
184513.88 543641.53 22.44
184513.88 543551.53 22.74
184513.88 543461.53 30.19
184513.88 543371.53 33.41
184513.88 543281.53 34.06
184513.88 543191.53 36.35
184603.88 545531.53 110.17
184603.88 545441.53 89.52
184603.88 545351.53 92.14
184603.88 545261.53 72.05
184603.88 545171.53 54.61
184603.88 545081.53 52.71
184603.88 544991.53 64.61
184603.88 544901.53 43.23
184603.88 544811.53 36.00
184603.88 543641.53 21.84
184603.88 543551.53 22.15
184603.88 543461.53 33.47
184603.88 543371.53 37.98
184693.88 545441.53 78.97
184693.88 545351.53 66.97
184693.88 545261.53 61.27
184693.88 545171.53 48.33
184693.88 545081.53 46.65
184693.88 544991.53 53.46
184693.88 544901.53 44.75
